--,9,1,0,0,130,106
",9,1,0,0,21,28
Based,1,1,1,0,46,6
on,5,1,0,0,16,7
our,6,1,0,0,100,101
simulated,3,1,0,0,73,6
production,2,1,0,0,24,7
;,9,1,0,0,4,4
income,2,1,0,0,6,47
and,10,1,0,0,9,10
cash,2,1,0,0,38,83
flow,2,1,0,0,154,91
models,2,1,0,0,37,66
;,9,1,0,0,4,4
common,3,1,0,0,11,7
shares,2,1,0,0,63,14
of,5,1,0,0,8,13
Royal,2,1,1,0,80,23
Oak,2,1,1,0,1,195
are,1,1,0,0,53,22
at,5,1,0,0,34,20
a,7,1,0,0,10,16
significant,3,1,0,0,73,25
discount,2,1,0,0,54,25
to,10,1,0,0,7,12
the,7,1,0,0,3,3
industry,2,1,0,0,6,53
averages,2,1,0,0,197,14
;,9,1,0,0,4,4
",9,1,0,0,21,28
EVEREN,2,1,1,1,179,26
said,1,1,0,0,12,27
.,9,1,0,0,5,5
