",9,1,0,0,21,28
Volatility,2,1,1,0,171,59
has,1,1,0,0,19,21
a,7,1,0,0,10,16
bid,2,1,0,0,127,27
to,10,1,0,0,7,12
it,6,1,0,0,47,46
--,9,1,0,0,130,106
longer-dated,3,1,0,0,59,6
volatility,2,1,0,0,171,59
more,4,1,0,0,37,22
than,5,1,0,0,3,15
short-dated,3,1,0,0,63,6
because,5,1,0,0,17,48
the,7,1,0,0,3,3
event,2,1,0,0,179,25
people,2,1,0,0,52,39
were,1,1,0,0,27,22
buying,1,1,0,0,58,11
for,5,1,0,0,18,30
has,1,1,0,0,19,21
passed,1,1,0,0,41,6
and,10,1,0,0,9,10
now,4,1,0,0,40,91
perhaps,4,1,0,0,52,130
people,1,1,0,0,52,39
will,10,1,0,0,25,38
sell,1,1,0,0,22,38
some,7,1,0,0,50,47
short,3,1,0,0,63,67
dated,1,1,0,0,87,6
vol,2,1,0,0,171,149
and,10,1,0,0,9,10
buy,1,1,0,0,58,1
some,7,1,0,0,50,47
long,3,1,0,0,59,11
dated,1,1,0,0,87,6
vol,4,1,0,0,171,149
;,9,1,0,0,4,4
",9,1,0,0,21,28
he,6,1,0,0,30,3
said,1,1,0,0,12,27
.,9,1,0,0,5,5
