Clinton,2,1,1,0,95,7
was,1,1,0,0,26,21
at,5,1,0,0,34,20
work,2,1,0,0,49,97
on,5,1,0,0,16,7
the,7,1,0,0,3,3
nomination,2,1,0,0,40,7
acceptance,2,1,0,0,112,33
speech,2,1,0,0,85,44
that,7,1,0,0,3,20
will,10,1,0,0,25,38
launch,1,1,0,0,57,44
his,6,1,0,0,51,31
10-week,3,1,0,0,93,120
re-election,2,1,0,0,15,7
campaign,2,1,0,0,38,156
when,4,1,0,0,35,26
political,3,1,0,0,43,23
strategist,2,1,0,0,23,19
Dick,2,1,1,0,54,82
Morris,2,1,1,0,37,31
abruptly,4,1,0,0,121,36
announced,1,1,0,0,9,6
his,6,1,0,0,51,31
resignation,2,1,0,0,15,7
on,5,1,0,0,16,7
Thursday,2,1,1,0,3,24
.,9,1,0,0,5,5
