News,2,1,1,0,36,150
Corp,2,1,1,0,11,1
said,1,1,0,0,12,27
strong,3,1,0,0,23,11
performances,2,1,0,0,52,14
in,5,1,0,0,6,9
U.S.,2,1,1,0,111,87
television,2,1,0,0,77,7
and,10,1,0,0,9,10
British,3,1,1,0,68,83
newspapers,2,1,0,0,36,34
were,1,1,0,0,27,22
offset,1,1,0,0,8,57
by,5,1,0,0,75,61
lower,3,1,0,0,59,8
profits,2,1,0,0,24,29
from,5,1,0,0,29,54
News,2,1,1,0,36,150
Corp,2,1,1,0,11,1
's,10,1,0,0,32,35
magazine,2,1,0,0,20,51
and,10,1,0,0,9,10
publishing,2,1,0,0,143,11
divisions,2,1,0,0,54,40
and,10,1,0,0,9,10
further,3,1,0,0,152,8
hefty,3,1,0,0,30,59
losses,2,1,0,0,59,14
from,5,1,0,0,29,54
its,6,1,0,0,47,29
Asian,3,1,1,0,66,15
Star,2,1,1,0,23,55
TV,2,1,1,1,1,1
operations,2,1,0,0,117,40
.,9,1,0,0,5,5
