",9,1,0,0,21,28
We,6,1,1,0,27,110
joined,1,1,0,0,118,6
the,7,1,0,0,3,3
prayer,2,1,0,0,24,8
to,10,1,0,0,7,12
express,1,1,0,0,89,75
our,6,1,0,0,100,101
solidarity,2,1,0,0,50,59
with,5,1,0,0,25,32
her,6,1,0,0,30,8
work,2,1,0,0,49,97
for,5,1,0,0,18,30
the,7,1,0,0,3,3
cause,2,1,0,0,38,48
of,5,1,0,0,8,13
the,7,1,0,0,3,3
poor,3,1,0,0,43,30
and,10,1,0,0,9,10
downtrodden,3,1,0,0,83,26
;,9,1,0,0,4,4
",9,1,0,0,21,28
said,1,1,0,0,12,27
Nanda,2,1,1,0,102,118
Gopal,2,1,1,0,71,23
Bhattacharya,2,1,1,0,1,185
;,9,1,0,0,4,4
a,7,1,0,0,10,16
communist,3,1,0,0,11,19
minister,2,1,0,0,33,8
in,5,1,0,0,6,9
West,2,1,1,0,27,19
Bengal,2,1,1,0,17,23
.,9,1,0,0,5,5
