Nigeria,2,1,1,0,145,49
would,10,1,0,0,49,37
not,4,1,0,0,40,64
object,1,1,0,0,1,100
to,10,1,0,0,7,12
a,7,1,0,0,10,16
visit,2,1,0,0,103,46
by,5,1,0,0,75,61
Commonwealth,2,1,1,0,11,32
officials,2,1,0,0,8,66
but,10,1,0,0,58,43
insists,1,1,0,0,6,29
its,6,1,0,0,47,29
suspension,2,1,0,0,60,7
from,5,1,0,0,29,54
the,7,1,0,0,3,3
organisation,2,1,0,0,116,7
be,1,1,0,0,17,78
resolved,1,1,0,0,15,6
before,5,1,0,0,17,22
any,7,1,0,0,9,79
other,3,1,0,0,178,8
questions,2,1,0,0,126,40
are,1,1,0,0,53,22
addressed,1,1,0,0,128,6
;,9,1,0,0,4,4
Foreign,2,1,1,0,18,156
Minister,2,1,1,0,33,8
Tom,2,1,1,0,7,54
Ikimi,2,1,1,0,1,1
said,1,1,0,0,12,27
on,5,1,0,0,16,7
Thursday,2,1,1,0,3,24
.,9,1,0,0,5,5
