Chinese,3,1,1,0,42,48
officials,2,1,0,0,8,66
have,1,1,0,0,19,41
said,1,1,0,0,12,27
such,3,1,0,0,60,44
dissidents,2,1,0,0,54,29
may,10,1,0,0,20,24
not,4,1,0,0,40,64
become,1,1,0,0,17,47
Hong,2,1,1,0,65,11
Kong,2,1,1,0,169,11
permanent,3,1,0,0,52,25
residents,2,1,0,0,15,29
since,5,1,0,0,73,33
they,6,1,0,0,3,65
entered,1,1,0,0,92,6
the,7,1,0,0,3,3
territory,2,1,0,0,77,53
illegally,4,1,0,0,1,36
but,4,1,0,0,58,43
have,1,1,0,0,19,41
also,4,1,0,0,55,114
said,1,1,0,0,12,27
their,6,1,0,0,3,84
status,2,1,0,0,23,94
would,10,1,0,0,49,37
be,1,1,0,0,17,78
decided,1,1,0,0,28,6
by,5,1,0,0,75,61
the,7,1,0,0,3,3
post-1997,3,1,0,0,43,1
local,3,1,0,0,59,23
Hong,2,1,1,0,65,11
Kong,2,1,1,0,169,11
administration,2,1,0,0,128,7
.,9,1,0,0,5,5
