Davies,2,1,1,0,87,14
said,1,1,0,0,12,27
the,7,1,0,0,3,3
two,8,1,0,0,104,99
leaders,2,1,0,0,48,34
",9,1,0,0,21,28
have,1,1,0,0,19,41
agreed,1,1,0,0,91,6
to,10,1,0,0,7,12
cease,1,1,0,0,122,48
the,7,1,0,0,3,3
fighting,2,1,0,0,39,11
(,9,1,0,0,13,17
and,10,1,0,0,9,10
),9,1,0,0,14,18
return,2,1,0,0,15,102
their,6,1,0,0,3,84
forces,2,1,0,0,18,14
to,10,1,0,0,7,12
the,7,1,0,0,3,3
positions,2,1,0,0,43,40
held,1,1,0,0,30,37
before,5,1,0,0,17,22
the,7,1,0,0,3,3
current,3,1,0,0,113,25
fighting,2,1,0,0,39,11
began,1,1,0,0,17,15
",9,1,0,0,21,28
on,5,1,0,0,16,7
August,2,1,1,0,96,19
17,8,1,0,0,177,196
.,9,1,0,0,5,5
