The,7,1,1,0,3,3
Islamist,3,1,1,0,56,19
conference,2,1,0,0,11,33
;,9,1,0,0,4,4
due,3,1,0,0,124,86
to,10,1,0,0,7,12
be,1,1,0,0,17,78
held,1,1,0,0,30,37
in,5,1,0,0,6,9
London,2,1,1,0,59,7
on,5,1,0,0,16,7
September,2,1,1,0,22,8
8,8,1,0,0,170,138
;,9,1,0,0,4,4
has,1,1,0,0,19,21
caused,1,1,0,0,38,6
concern,2,1,0,0,11,102
in,5,1,0,0,6,9
countries,2,1,0,0,11,14
such,3,1,0,0,60,44
as,5,1,0,0,66,21
Algeria,2,1,1,0,55,49
and,10,1,0,0,9,10
Egypt,2,1,1,0,1,194
;,9,1,0,0,4,4
which,7,1,0,0,35,44
are,1,1,0,0,53,22
fighting,1,1,0,0,39,11
armed,3,1,0,0,53,6
Islamic,3,1,1,0,56,71
militants,2,1,0,0,33,29
.,9,1,0,0,5,5
