",9,1,0,0,21,28
It,6,1,1,0,47,46
does,1,1,0,0,83,14
n't,4,1,0,0,1,1
look,1,1,0,0,59,188
all,4,1,0,0,55,38
that,5,1,0,0,3,20
bad,3,1,0,0,46,52
;,9,1,0,0,4,4
",9,1,0,0,21,28
Edberg,2,1,1,0,1,190
said,1,1,0,0,12,27
of,5,1,0,0,8,13
his,6,1,0,0,51,31
path,2,1,0,0,41,32
through,5,1,0,0,3,113
the,7,1,0,0,3,3
draw,2,1,0,0,132,183
starting,1,1,0,0,23,11
next,3,1,0,0,36,197
with,5,1,0,0,25,32
a,7,1,0,0,10,16
match,2,1,0,0,20,44
against,5,1,0,0,91,19
Krajicek,2,1,1,0,1,120
's,10,1,0,0,32,35
Dutch,3,1,1,0,124,44
countryman,2,1,0,0,11,15
Paul,2,1,1,0,41,155
Haarhuis,2,1,1,0,19,31
.,9,1,0,0,5,5
