",9,1,0,0,21,28
The,7,1,1,0,3,3
word,2,1,0,0,49,76
is,1,1,0,0,56,31
that,5,1,0,0,3,20
Frowick,2,1,1,0,29,82
has,1,1,0,0,19,21
decided,1,1,0,0,28,6
to,10,1,0,0,7,12
postpone,1,1,0,0,43,51
municipal,3,1,0,0,136,23
elections,2,1,0,0,149,40
but,10,1,0,0,58,43
that,5,1,0,0,3,20
he,6,1,0,0,30,3
will,10,1,0,0,25,38
wait,1,1,0,0,26,46
for,5,1,0,0,18,30
one,8,1,0,0,16,51
more,3,1,0,0,37,22
session,2,1,0,0,22,7
of,5,1,0,0,8,13
the,7,1,0,0,3,3
PEC,2,1,1,1,52,1
on,5,1,0,0,16,7
Tuesday,2,1,1,0,137,24
to,10,1,0,0,7,12
take,1,1,0,0,78,92
everyone,2,1,0,0,179,51
's,10,1,0,0,32,35
temperature,2,1,0,0,77,22
on,5,1,0,0,16,7
the,7,1,0,0,3,3
issue,2,1,0,0,56,86
.,9,1,0,0,5,5
",9,1,0,0,21,28
