In,5,1,1,0,6,9
its,6,1,0,0,47,29
1996/97,8,1,0,0,31,1
budget,2,1,0,0,58,57
announced,1,1,0,0,9,6
on,5,1,0,0,16,7
Tuesday,2,1,1,0,137,24
;,9,1,0,0,4,4
the,7,1,0,0,3,3
Australian,2,1,1,0,96,15
Coalition,2,1,1,0,11,7
government,2,1,0,0,71,25
announced,1,1,0,0,9,6
an,7,1,0,0,9,15
underlying,1,1,0,0,70,11
budget,2,1,0,0,58,57
deficit,2,1,0,0,28,46
of,5,1,0,0,8,13
A$,9,1,1,0,1,1
5.65,8,1,0,0,186,1
billion,8,1,0,0,127,7
;,9,1,0,0,4,4
and,10,1,0,0,9,10
pledged,1,1,0,0,76,6
to,10,1,0,0,7,12
return,1,1,0,0,15,102
the,7,1,0,0,3,3
underlying,3,1,0,0,70,11
budget,2,1,0,0,58,57
balance,2,1,0,0,46,33
to,10,1,0,0,7,12
surplus,2,1,0,0,60,94
by,5,1,0,0,75,61
1998/99,8,1,0,0,31,1
.,9,1,0,0,5,5
