Egyptian,3,1,1,0,1,15
government,2,1,0,0,71,25
newspapers,2,1,0,0,36,34
have,1,1,0,0,19,41
criticised,1,1,0,0,106,6
Britain,2,1,1,0,68,9
for,5,1,0,0,18,30
allowing,1,1,0,0,55,11
Islamists,2,1,1,0,56,29
;,9,1,0,0,4,4
whom,6,1,0,0,35,54
they,6,1,0,0,3,65
brand,1,1,0,0,68,10
as,5,1,0,0,66,21
",9,1,0,0,21,28
terrorists,2,1,0,0,77,29
",9,1,0,0,21,28
;,9,1,0,0,4,4
to,10,1,0,0,7,12
hold,1,1,0,0,65,37
their,6,1,0,0,3,84
conference,2,1,0,0,11,33
;,9,1,0,0,4,4
saying,1,1,0,0,12,11
the,7,1,0,0,3,3
meeting,2,1,0,0,64,11
will,10,1,0,0,25,38
be,1,1,0,0,17,78
a,7,1,0,0,10,16
chance,2,1,0,0,42,33
for,5,1,0,0,18,30
dangerous,3,1,0,0,87,94
Moslem,2,1,1,0,37,115
militants,1,1,0,0,33,29
to,10,1,0,0,7,12
plot,1,1,0,0,76,64
against,5,1,0,0,91,19
their,6,1,0,0,3,84
countries,2,1,0,0,11,14
of,5,1,0,0,8,13
origin,2,1,0,0,116,9
.,9,1,0,0,5,5
