The,7,1,1,0,3,3
Supreme,2,1,1,0,60,47
Court,2,1,1,0,11,67
ruled,1,1,0,0,90,6
that,5,1,0,0,3,20
a,7,1,0,0,10,16
judicial,3,1,0,0,105,23
hearing,2,1,0,0,30,11
contesting,1,1,0,0,11,11
the,7,1,0,0,3,3
ban,2,1,0,0,46,15
would,10,1,0,0,49,37
be,1,1,0,0,17,78
heard,1,1,0,0,30,76
on,5,1,0,0,16,7
September,2,1,1,0,22,8
11,8,1,0,0,134,145
;,9,1,0,0,4,4
three,8,1,0,0,3,88
days,2,1,0,0,87,142
before,5,1,0,0,17,22
the,7,1,0,0,3,3
nomination,2,1,0,0,40,7
period,2,1,0,0,52,157
for,5,1,0,0,18,30
the,7,1,0,0,3,3
Selection,2,1,1,0,22,7
Committee,2,1,1,0,11,88
closes,1,1,0,0,95,14
.,9,1,0,0,5,5
