",9,1,0,0,21,28
We,6,1,1,0,27,110
have,1,1,0,0,19,41
always,4,1,0,0,55,142
been,1,1,0,0,17,26
concerned,1,1,0,0,11,6
about,5,1,0,0,121,43
barter,3,1,0,0,46,8
deals,2,1,0,0,28,66
with,5,1,0,0,25,32
other,3,1,0,0,178,8
countries,2,1,0,0,11,14
;,9,1,0,0,4,4
viewing,1,1,0,0,103,11
them,6,1,0,0,3,115
as,5,1,0,0,66,21
a,7,1,0,0,10,16
disguised,3,1,0,0,54,6
kind,2,1,0,0,141,10
of,5,1,0,0,8,13
capital,2,1,0,0,38,23
flight,2,1,0,0,154,81
from,5,1,0,0,29,54
Russia,2,1,1,0,90,49
;,9,1,0,0,4,4
",9,1,0,0,21,28
Marina,2,1,1,0,20,85
Volkova,2,1,1,0,171,174
;,9,1,0,0,4,4
deputy,3,1,0,0,28,59
head,2,1,0,0,30,52
of,5,1,0,0,8,13
the,7,1,0,0,3,3
currency,2,1,0,0,113,135
department,2,1,0,0,28,25
at,5,1,0,0,34,20
the,7,1,0,0,3,3
State,2,1,1,0,23,50
Customs,2,1,1,0,113,122
Committee,2,1,1,0,11,88
;,9,1,0,0,4,4
told,1,1,0,0,7,37
Reuters,2,1,1,0,15,34
.,9,1,0,0,5,5
