",9,1,0,0,21,28
Several,3,1,1,0,22,23
service,2,1,0,0,22,33
centers,2,1,0,0,122,34
indicated,1,1,0,0,6,6
that,5,1,0,0,3,20
while,5,1,0,0,35,39
their,6,1,0,0,3,84
volume,2,1,0,0,171,47
of,5,1,0,0,8,13
orders,2,1,0,0,116,34
remains,1,1,0,0,15,40
constant,3,1,0,0,11,25
;,9,1,0,0,4,4
the,7,1,0,0,3,3
size-per-order,2,1,0,0,73,8
continues,1,1,0,0,11,14
to,10,1,0,0,7,12
be,1,1,0,0,17,78
smaller,3,1,0,0,1,8
than,5,1,0,0,3,15
what,6,1,0,0,35,20
was,1,1,0,0,26,21
realised,1,1,0,0,15,6
during,5,1,0,0,124,11
the,7,1,0,0,3,3
first,3,1,0,0,39,19
five,8,1,0,0,39,41
months,2,1,0,0,37,1
of,5,1,0,0,8,13
the,7,1,0,0,3,3
year,2,1,0,0,94,55
;,9,1,0,0,4,4
",9,1,0,0,21,28
the,7,1,0,0,3,3
CBSA,2,1,1,1,1,1
said,1,1,0,0,12,27
.,9,1,0,0,5,5
