State,2,1,1,0,23,50
and,10,1,0,0,9,10
federal,3,1,0,0,109,23
agents,2,1,0,0,91,29
on,5,1,0,0,16,7
Thursday,2,1,1,0,3,24
sifted,1,1,0,0,73,6
through,5,1,0,0,3,113
the,7,1,0,0,3,3
rubble,2,1,0,0,90,39
of,5,1,0,0,8,13
two,8,1,0,0,104,99
predominantly,4,1,0,0,24,36
black,3,1,0,0,155,82
Arkansas,2,1,1,0,53,21
churches,2,1,0,0,42,14
that,7,1,0,0,3,20
burned,1,1,0,0,58,6
within,5,1,0,0,25,9
minutes,2,1,0,0,33,14
of,5,1,0,0,8,13
one,8,1,0,0,16,51
another,7,1,0,0,9,8
late,3,1,0,0,57,50
Tuesday,2,1,1,0,137,24
and,10,1,0,0,9,10
early,3,1,0,0,119,36
Wednesday,2,1,1,0,27,24
.,9,1,0,0,5,5
