The,7,1,1,0,3,3
Jordanian,3,1,1,0,118,15
Arab,3,1,1,0,53,1
Socialist,2,1,1,0,50,19
Baath,2,1,1,0,46,32
Party,2,1,1,0,41,59
;,9,1,0,0,4,4
which,7,1,0,0,35,44
has,1,1,0,0,19,21
one,8,1,0,0,16,51
deputy,2,1,0,0,28,59
in,5,1,0,0,6,9
the,7,1,0,0,3,3
80-seat,3,1,0,0,1,20
lower,3,1,0,0,59,8
house,2,1,0,0,65,48
of,5,1,0,0,8,13
parliament,2,1,0,0,41,25
;,9,1,0,0,4,4
has,1,1,0,0,19,21
denied,1,1,0,0,28,6
involvement,2,1,0,0,6,25
in,5,1,0,0,6,9
unrest,2,1,0,0,70,19
which,7,1,0,0,35,44
it,6,1,0,0,47,46
blamed,1,1,0,0,155,6
on,5,1,0,0,16,7
government,2,1,0,0,71,25
policies,2,1,0,0,43,14
and,10,1,0,0,9,10
rising,1,1,0,0,108,11
economic,3,1,0,0,1,71
hardship,2,1,0,0,19,151
.,9,1,0,0,5,5
