Marlow,2,1,1,0,20,91
's,10,1,0,0,32,35
comment,2,1,0,0,11,25
come,1,1,0,0,11,47
on,5,1,0,0,16,7
the,7,1,0,0,3,3
heels,2,1,0,0,30,66
of,5,1,0,0,8,13
speculation,2,1,0,0,85,7
that,5,1,0,0,3,20
Clarke,2,1,1,0,95,92
had,1,1,0,0,19,52
threatened,1,1,0,0,3,6
to,10,1,0,0,7,12
resign,1,1,0,0,15,156
if,5,1,0,0,194,173
the,7,1,0,0,3,3
government,2,1,0,0,71,25
changed,1,1,0,0,42,6
its,6,1,0,0,47,29
",9,1,0,0,21,28
wait,1,1,0,0,26,46
and,10,1,0,0,9,10
see,1,1,0,0,22,88
",9,1,0,0,21,28
policy,2,1,0,0,43,135
on,5,1,0,0,16,7
a,7,1,0,0,10,16
single,3,1,0,0,73,39
currency,2,1,0,0,113,135
and,10,1,0,0,9,10
declared,1,1,0,0,28,6
it,6,1,0,0,47,46
would,10,1,0,0,49,37
not,4,1,0,0,40,64
sign,1,1,0,0,73,156
up,10,1,0,0,131,68
for,5,1,0,0,18,30
the,7,1,0,0,3,3
currency,2,1,0,0,113,135
in,5,1,0,0,6,9
the,7,1,0,0,3,3
next,3,1,0,0,36,197
Parliament,2,1,1,0,41,25
.,9,1,0,0,5,5
