",9,1,0,0,21,28
What,6,1,1,0,35,20
happened,1,1,0,0,19,6
concerning,1,1,0,0,11,11
continuous,3,1,0,0,11,94
violations,2,1,0,0,103,40
and,10,1,0,0,9,10
crimes,2,1,0,0,106,14
from,5,1,0,0,29,54
this,7,1,0,0,3,31
new,3,1,0,0,36,73
Israeli,3,1,1,0,56,167
leadership,2,1,0,0,48,151
means,1,1,0,0,64,40
they,6,1,0,0,3,65
are,1,1,0,0,53,22
declaring,1,1,0,0,28,11
a,7,1,0,0,10,16
state,2,1,0,0,23,50
of,5,1,0,0,8,13
war,2,1,0,0,26,55
against,5,1,0,0,91,19
the,7,1,0,0,3,3
Palestinian,3,1,1,0,41,15
people,2,1,0,0,52,39
;,9,1,0,0,4,4
",9,1,0,0,21,28
Arafat,2,1,1,0,53,20
told,1,1,0,0,7,37
the,7,1,0,0,3,3
council,2,1,0,0,11,95
.,9,1,0,0,5,5
