",9,1,0,0,21,28
If,5,1,1,0,194,173
they,6,1,0,0,3,65
're,1,1,0,0,1,22
saying,1,1,0,0,12,11
at,5,1,0,0,34,20
least,3,1,0,0,48,19
20,8,1,0,0,139,140
percent,2,1,0,0,52,25
;,9,1,0,0,4,4
then,4,1,0,0,3,26
their,6,1,0,0,3,84
internal,3,1,0,0,6,23
forecasts,2,1,0,0,18,29
are,1,1,0,0,53,22
probably,4,1,0,0,24,36
saying,1,1,0,0,12,11
25,8,1,0,0,187,139
or,10,1,0,0,116,30
30,8,1,0,0,180,125
percent,2,1,0,0,52,25
;,9,1,0,0,4,4
",9,1,0,0,21,28
said,1,1,0,0,12,27
one,8,1,0,0,16,51
Sydney,2,1,1,0,198,65
media,2,1,0,0,64,49
analyst,2,1,0,0,9,19
who,6,1,0,0,35,90
declined,1,1,0,0,28,6
to,10,1,0,0,7,12
be,1,1,0,0,17,78
named,1,1,0,0,102,6
.,9,1,0,0,5,5
