Bonn,2,1,1,0,61,1
has,1,1,0,0,19,21
led,1,1,0,0,48,6
efforts,2,1,0,0,1,29
to,10,1,0,0,7,12
ensure,1,1,0,0,92,22
consumer,2,1,0,0,11,8
protection,2,1,0,0,24,7
tops,1,1,0,0,7,130
the,7,1,0,0,3,3
list,2,1,0,0,86,19
of,5,1,0,0,8,13
priorities,2,1,0,0,24,14
in,5,1,0,0,6,9
dealing,1,1,0,0,28,11
with,5,1,0,0,25,32
the,7,1,0,0,3,3
mad,3,1,0,0,20,52
cow,2,1,0,0,11,91
crisis,2,1,0,0,106,31
;,9,1,0,0,4,4
which,7,1,0,0,35,44
erupted,1,1,0,0,1,6
in,5,1,0,0,6,9
March,2,1,1,0,20,44
when,4,1,0,0,35,26
Britain,2,1,1,0,68,9
acknowledged,1,1,0,0,112,6
humans,2,1,0,0,150,40
could,10,1,0,0,11,37
contract,1,1,0,0,11,100
a,7,1,0,0,10,16
similar,3,1,0,0,73,55
illness,2,1,0,0,1,75
by,5,1,0,0,75,61
eating,1,1,0,0,119,11
contaminated,1,1,0,0,11,6
beef,2,1,0,0,17,1
.,9,1,0,0,5,5
