The,7,1,1,0,3,3
council,2,1,0,0,11,95
was,1,1,0,0,26,21
meeting,2,1,0,0,64,11
in,5,1,0,0,6,9
Ramallah,2,1,1,0,82,1
to,10,1,0,0,7,12
discuss,1,1,0,0,54,75
Israel,2,1,1,0,56,80
's,10,1,0,0,32,35
new,3,1,0,0,36,73
policy,2,1,0,0,43,135
of,5,1,0,0,8,13
Jewish,3,1,1,0,176,83
settlement,2,1,0,0,22,25
expansion,2,1,0,0,89,7
and,10,1,0,0,9,10
its,6,1,0,0,47,29
uncompromising,3,1,0,0,70,11
line,2,1,0,0,86,51
on,5,1,0,0,16,7
Jerusalem,2,1,1,0,176,115
since,5,1,0,0,73,33
Prime,2,1,1,0,24,47
Minister,2,1,1,0,33,8
Benjamin,2,1,1,0,17,9
Netanyahu,2,1,1,0,36,1
took,1,1,0,0,7,188
office,2,1,0,0,8,33
in,5,1,0,0,6,9
June,2,1,1,0,105,51
.,9,1,0,0,5,5
