Klaus,2,1,1,0,1,94
and,10,1,0,0,9,10
his,6,1,0,0,51,31
coalition,2,1,0,0,11,7
lost,1,1,0,0,59,19
its,6,1,0,0,47,29
majority,2,1,0,0,20,59
in,5,1,0,0,6,9
parliament,2,1,0,0,41,25
in,5,1,0,0,6,9
June,2,1,1,0,105,51
lower,4,1,0,0,59,8
house,2,1,0,0,65,48
elections,2,1,0,0,149,40
after,5,1,0,0,79,8
the,7,1,0,0,3,3
left-wing,3,1,0,0,48,11
opposition,2,1,0,0,117,7
consolidated,1,1,0,0,11,6
;,9,1,0,0,4,4
putting,1,1,0,0,143,11
the,7,1,0,0,3,3
centre-left,3,1,0,0,122,165
Social,2,1,1,0,50,23
Democrats,2,1,1,0,28,29
in,5,1,0,0,6,9
a,7,1,0,0,10,16
strong,3,1,0,0,23,11
second-place,3,1,0,0,22,33
position,2,1,0,0,43,7
.,9,1,0,0,5,5
