",9,1,0,0,21,28
I,6,1,1,1,135,107
kept,1,1,0,0,165,194
my,6,1,0,0,1,163
composure,2,1,0,0,11,22
and,10,1,0,0,9,10
I,6,1,1,1,135,107
was,1,1,0,0,26,21
proud,3,1,0,0,24,1
of,5,1,0,0,8,13
myself,6,1,0,0,1,133
for,5,1,0,0,18,30
that,7,1,0,0,3,20
--,9,1,0,0,130,106
usually,4,1,0,0,185,36
I,6,1,1,1,135,107
would,10,1,0,0,49,37
have,1,1,0,0,19,41
folded,1,1,0,0,18,6
up,10,1,0,0,131,68
the,7,1,0,0,3,3
tent,2,1,0,0,77,25
and,10,1,0,0,9,10
gone,1,1,0,0,71,51
home,2,1,0,0,65,47
.,9,1,0,0,5,5
",9,1,0,0,21,28
