",9,1,0,0,21,28
There,10,1,1,0,3,22
were,1,1,0,0,27,22
big,3,1,0,0,127,1
buyers,2,1,0,0,58,34
at,5,1,0,0,34,20
the,7,1,0,0,3,3
base,2,1,0,0,46,48
of,5,1,0,0,8,13
where,4,1,0,0,35,22
the,7,1,0,0,3,3
market,2,1,0,0,20,57
sold,1,1,0,0,50,37
to,10,1,0,0,7,12
;,9,1,0,0,4,4
and,10,1,0,0,9,10
when,4,1,0,0,35,26
the,7,1,0,0,3,3
currency,2,1,0,0,113,135
got,1,1,0,0,71,64
bought,1,1,0,0,61,81
back,4,1,0,0,46,82
on,5,1,0,0,16,7
talk,2,1,0,0,78,1
of,5,1,0,0,8,13
a,7,1,0,0,10,16
samurai,2,1,0,0,12,1
the,7,1,0,0,3,3
market,2,1,0,0,20,57
got,1,1,0,0,71,64
bought,1,1,0,0,61,81
back,4,1,0,0,46,82
again,4,1,0,0,91,9
;,9,1,0,0,4,4
",9,1,0,0,21,28
a,7,1,0,0,10,16
dealer,2,1,0,0,28,8
said,1,1,0,0,12,27
.,9,1,0,0,5,5
