The,7,1,1,0,3,3
talks,2,1,0,0,78,98
between,5,1,0,0,17,26
Maskhadov,2,1,1,0,20,1
and,10,1,0,0,9,10
Russia,2,1,1,0,90,49
's,10,1,0,0,32,35
Vyacheslav,2,1,1,0,1,1
Tikhomirov,2,1,1,0,107,1
are,1,1,0,0,53,22
aimed,1,1,0,0,156,6
at,5,1,0,0,34,20
putting,1,1,0,0,143,11
the,7,1,0,0,3,3
finishing,3,1,0,0,39,11
touches,2,1,0,0,7,14
to,10,1,0,0,7,12
a,7,1,0,0,10,16
ceasefire,2,1,0,0,122,22
sealed,3,1,0,0,22,6
last,3,1,0,0,57,19
week,2,1,0,0,27,120
in,5,1,0,0,6,9
talks,2,1,0,0,78,98
with,5,1,0,0,25,32
Russian,3,1,1,0,90,15
security,2,1,0,0,22,59
chief,2,1,0,0,42,1
Alexander,2,1,1,0,55,8
Lebed,2,1,1,0,48,6
.,9,1,0,0,5,5
