Crowds,2,1,1,0,106,70
anxiously,4,1,0,0,9,36
wait,1,1,0,0,26,46
for,5,1,0,0,18,30
his,6,1,0,0,51,31
appearances,2,1,0,0,161,14
;,9,1,0,0,4,4
thrusting,1,1,0,0,3,11
out,10,1,0,0,100,43
hands,2,1,0,0,19,70
for,5,1,0,0,18,30
him,6,1,0,0,51,116
to,10,1,0,0,7,12
grip,2,1,0,0,81,151
as,5,1,0,0,66,21
they,6,1,0,0,3,65
scream,2,1,0,0,101,89
",9,1,0,0,21,28
12,8,1,0,0,140,128
more,3,1,0,0,37,22
years,2,1,0,0,94,34
",9,1,0,0,21,28
--,9,1,0,0,130,106
a,7,1,0,0,10,16
wishful,3,1,0,0,25,155
hope,2,1,0,0,65,189
to,10,1,0,0,7,12
eight,8,1,0,0,1,81
years,2,1,0,0,94,34
of,5,1,0,0,8,13
Gore,2,1,1,0,71,22
after,5,1,0,0,79,8
a,7,1,0,0,10,16
Clinton,2,1,1,0,95,7
re-election,2,1,0,0,15,7
.,9,1,0,0,5,5
