",9,1,0,0,21,28
I,6,1,1,1,135,107
am,1,1,0,0,138,89
prepared,1,1,0,0,24,6
to,10,1,0,0,7,12
postpone,1,1,0,0,43,51
the,7,1,0,0,3,3
meeting,2,1,0,0,64,11
under,5,1,0,0,70,8
one,8,1,0,0,16,51
condition,2,1,0,0,11,7
--,9,1,0,0,130,106
that,5,1,0,0,3,20
you,6,1,0,0,133,1
give,1,1,0,0,159,41
me,6,1,0,0,64,47
a,7,1,0,0,10,16
commitment,2,1,0,0,11,25
right,4,1,0,0,108,81
now,4,1,0,0,40,91
to,10,1,0,0,7,12
meet,1,1,0,0,64,57
Arafat,2,1,1,0,53,20
yourself,6,1,0,0,133,133
within,5,1,0,0,25,9
10,8,1,0,0,93,111
days,2,1,0,0,87,142
;,9,1,0,0,4,4
",9,1,0,0,21,28
the,7,1,0,0,3,3
paper,2,1,0,0,41,8
quoted,1,1,0,0,126,6
Weizman,2,1,1,0,27,15
as,5,1,0,0,66,21
telling,1,1,0,0,77,11
Netanyahu,2,1,1,0,36,1
.,9,1,0,0,5,5
