",9,1,0,0,21,28
The,7,1,1,0,3,3
recent,3,1,0,0,15,25
level,2,1,0,0,48,80
of,5,1,0,0,8,13
the,7,1,0,0,3,3
yen,2,1,0,0,94,26
exchange,2,1,0,0,89,77
rate,2,1,0,0,82,50
has,1,1,0,0,19,21
been,1,1,0,0,17,26
stable,3,1,0,0,23,39
;,9,1,0,0,4,4
and,10,1,0,0,9,10
it,6,1,0,0,47,46
does,1,1,0,0,83,14
not,4,1,0,0,40,64
appear,1,1,0,0,161,55
to,10,1,0,0,7,12
be,1,1,0,0,17,78
moving,1,1,0,0,37,11
towards,5,1,0,0,7,70
a,7,1,0,0,10,16
further,3,1,0,0,152,8
depreciation,2,1,0,0,28,7
of,5,1,0,0,8,13
the,7,1,0,0,3,3
yen,2,1,0,0,94,26
immediately,4,1,0,0,153,36
;,9,1,0,0,4,4
so,4,1,0,0,50,114
import,1,1,0,0,153,67
prices,2,1,0,0,24,14
are,1,1,0,0,53,22
likely,3,1,0,0,86,36
to,10,1,0,0,7,12
stabilise,1,1,0,0,23,48
at,5,1,0,0,34,20
current,3,1,0,0,113,25
levels,2,1,0,0,48,66
;,9,1,0,0,4,4
",9,1,0,0,21,28
Matsushita,2,1,1,0,20,108
said,1,1,0,0,12,27
in,5,1,0,0,6,9
an,7,1,0,0,9,15
interview,2,1,0,0,6,73
with,5,1,0,0,25,32
the,7,1,0,0,3,3
Nihon,2,1,1,0,145,7
Keizai,2,1,1,0,165,1
Shimbun,2,1,1,0,63,161
.,9,1,0,0,5,5
