",9,1,0,0,21,28
The,7,1,1,0,3,3
13-year-old,3,1,0,0,147,37
girl,2,1,0,0,159,1
tried,1,1,0,0,67,6
to,10,1,0,0,7,12
extract,1,1,0,0,89,100
60,8,1,0,0,1,1
and,10,1,0,0,9,10
70,8,1,0,0,1,192
zlotys,2,1,0,0,1,142
(,9,1,0,0,13,17
$,9,1,0,0,129,105
22,8,1,0,0,174,126
and,10,1,0,0,9,10
$,9,1,0,0,129,105
26,8,1,0,0,1,162
),9,1,0,0,14,18
from,5,1,0,0,29,54
two,8,1,0,0,104,99
residents,2,1,0,0,15,29
of,5,1,0,0,8,13
Sierakowice,2,1,1,0,73,33
by,5,1,0,0,75,61
threatening,1,1,0,0,3,11
to,10,1,0,0,7,12
take,1,1,0,0,78,92
their,6,1,0,0,3,84
lives,2,1,0,0,86,14
;,9,1,0,0,4,4
",9,1,0,0,21,28
a,7,1,0,0,10,16
police,2,1,0,0,43,33
spokesman,2,1,0,0,85,15
said,1,1,0,0,12,27
in,5,1,0,0,6,9
the,7,1,0,0,3,3
nearby,3,1,0,0,36,61
northern,3,1,0,0,40,102
city,2,1,0,0,146,59
of,5,1,0,0,8,13
Gdansk,2,1,1,0,1,1
on,5,1,0,0,16,7
Thursday,2,1,1,0,3,24
.,9,1,0,0,5,5
