",9,1,0,0,21,28
The,7,1,1,0,3,3
very,4,1,0,0,157,53
first,3,1,0,0,39,19
thing,2,1,0,0,3,11
we,6,1,0,0,27,110
thought,1,1,0,0,3,81
about,5,1,0,0,121,43
after,5,1,0,0,79,8
we,6,1,0,0,27,110
knew,1,1,0,0,1,73
we,6,1,0,0,27,110
would,10,1,0,0,49,37
be,1,1,0,0,17,78
promoted,1,1,0,0,24,6
was,1,1,0,0,26,21
the,7,1,0,0,3,3
game,2,1,0,0,98,47
against,5,1,0,0,91,19
Betar,2,1,1,0,17,55
Jerusalem,2,1,1,0,176,115
;,9,1,0,0,4,4
",9,1,0,0,21,28
said,1,1,0,0,12,27
Taibe,2,1,1,0,78,78
supporter,2,1,0,0,60,8
Karem,2,1,1,0,158,115
Haj,2,1,1,0,19,1
Yihye,2,1,1,0,1,1
.,9,1,0,0,5,5
