Venezuelan,3,1,1,0,157,15
Finance,2,1,1,0,39,33
Minister,2,1,1,0,33,8
Luis,2,1,1,0,1,31
Raul,2,1,1,0,82,155
Matos,2,1,1,0,20,143
Azocar,2,1,1,0,1,55
will,10,1,0,0,25,38
make,1,1,0,0,20,92
an,7,1,0,0,9,15
",9,1,0,0,21,28
important,3,1,0,0,153,25
announcement,2,1,0,0,9,25
",9,1,0,0,21,28
on,5,1,0,0,16,7
Thursday,2,1,1,0,3,24
at,5,1,0,0,34,20
1230,8,1,0,0,140,125
local,3,1,0,0,59,23
/,10,1,0,0,168,132
1630,8,1,0,0,162,125
GMT,2,1,1,1,1,1
at,5,1,0,0,34,20
a,7,1,0,0,10,16
Central,2,1,1,0,122,23
Bank,2,1,1,0,46,119
press,2,1,0,0,24,75
conference,2,1,0,0,11,33
;,9,1,0,0,4,4
the,7,1,0,0,3,3
Finance,2,1,1,0,39,33
Ministry,2,1,1,0,33,53
said,1,1,0,0,12,27
.,9,1,0,0,5,5
