Her,6,1,1,0,30,8
reward,2,1,0,0,15,76
was,1,1,0,0,26,21
the,7,1,0,0,3,3
passage,2,1,0,0,41,77
in,5,1,0,0,6,9
1993,8,1,0,0,31,1
of,5,1,0,0,8,13
the,7,1,0,0,3,3
",9,1,0,0,21,28
Brady,2,1,1,0,68,141
Bill,2,1,1,0,127,38
",9,1,0,0,21,28
which,7,1,0,0,35,44
requires,1,1,0,0,15,14
a,7,1,0,0,10,16
mandatory,3,1,0,0,20,53
five-day,3,1,0,0,39,24
waiting,2,1,0,0,26,11
period,2,1,0,0,52,157
for,5,1,0,0,18,30
purchase,2,1,0,0,143,48
of,5,1,0,0,8,13
handguns,2,1,0,0,19,40
and,10,1,0,0,9,10
also,4,1,0,0,55,114
mandates,1,1,0,0,20,14
background,2,1,0,0,46,10
checks,2,1,0,0,42,98
for,5,1,0,0,18,30
would-be,3,1,0,0,49,78
gun,2,1,0,0,148,161
purchasers,2,1,0,0,143,34
.,9,1,0,0,5,5
