Human,3,1,1,0,150,15
rights,2,1,0,0,108,29
workers,2,1,0,0,49,34
say,1,1,0,0,12,24
Serbian,2,1,1,0,22,15
and,10,1,0,0,9,10
Bosnian,2,1,1,0,61,15
Serb,2,1,1,0,22,1
authorities,2,1,0,0,96,14
coerced,1,1,0,0,11,6
refugees,2,1,0,0,15,14
to,10,1,0,0,7,12
register,1,1,0,0,15,8
only,4,1,0,0,16,36
in,5,1,0,0,6,9
Serb-held,3,1,1,0,22,37
territory,2,1,0,0,77,53
in,5,1,0,0,6,9
Bosnia,2,1,1,0,61,49
to,10,1,0,0,7,12
solidify,1,1,0,0,50,1
the,7,1,0,0,3,3
results,2,1,0,0,15,29
of,5,1,0,0,8,13
wartime,2,1,0,0,26,47
expulsions,2,1,0,0,89,40
and,10,1,0,0,9,10
military,3,1,0,0,33,53
conquest,2,1,0,0,11,19
.,9,1,0,0,5,5
