Corrigendum,2,1,1,0,11,127
to,10,1,0,0,7,12
Commission,2,1,1,0,11,7
Regulation,2,1,1,0,15,7
(,9,1,0,0,13,17
EC,2,1,1,1,1,1
),9,1,0,0,14,18
No,7,1,1,0,40,117
658/96,8,1,0,0,1,144
of,5,1,0,0,8,13
9,8,1,0,0,166,131
April,2,1,1,0,161,95
1996,8,1,0,0,31,144
on,5,1,0,0,16,7
certain,3,1,0,0,122,9
conditions,2,1,0,0,11,40
for,5,1,0,0,18,30
granting,1,1,0,0,81,11
compensatory,3,1,0,0,11,53
payments,2,1,0,0,41,29
under,5,1,0,0,70,8
the,7,1,0,0,3,3
support,2,1,0,0,60,67
system,2,1,0,0,198,115
for,5,1,0,0,18,30
producers,2,1,0,0,24,34
of,5,1,0,0,8,13
certain,3,1,0,0,122,9
arable,3,1,0,0,53,39
crops,2,1,0,0,106,130
(,9,1,0,0,13,17
OJ,2,1,1,1,1,1
No,7,1,1,0,40,117
L,2,1,1,1,1,1
91,8,1,0,0,1,1
of,5,1,0,0,8,13
12.4.1996,8,1,0,0,140,144
),9,1,0,0,14,18
