Among,5,1,1,0,138,11
the,7,1,0,0,3,3
revelations,2,1,0,0,15,40
are,1,1,0,0,53,22
the,7,1,0,0,3,3
fact,2,1,0,0,97,100
that,5,1,0,0,3,20
the,7,1,0,0,3,3
gendarmerie,2,1,0,0,99,158
was,1,1,0,0,26,21
running,1,1,0,0,90,11
a,7,1,0,0,10,16
surveillance,2,1,0,0,60,33
operation,2,1,0,0,117,7
codenamed,1,1,0,0,11,6
",9,1,0,0,21,28
Othello,2,1,1,0,178,201
",9,1,0,0,21,28
against,5,1,0,0,91,19
Dutroux,2,1,1,0,124,1
in,5,1,0,0,6,9
1995,8,1,0,0,31,193
--,9,1,0,0,130,106
when,4,1,0,0,35,26
both,7,1,0,0,61,32
Julie,2,1,1,0,105,158
and,10,1,0,0,9,10
Melissa,2,1,1,0,64,1
and,10,1,0,0,9,10
An,7,1,1,0,9,15
and,10,1,0,0,9,10
Eefje,2,1,1,0,1,1
were,1,1,0,0,27,22
kidnapped,1,1,0,0,141,6
.,9,1,0,0,5,5
