UEFA,2,1,1,1,1,1
came,1,1,0,0,38,47
down,4,1,0,0,83,96
heavily,4,1,0,0,30,36
on,5,1,0,0,16,7
Belgian,3,1,1,0,17,15
club,2,1,0,0,95,1
Standard,2,1,1,0,23,76
Liege,2,1,1,0,86,77
on,5,1,0,0,16,7
Friday,2,1,1,0,29,24
for,5,1,0,0,18,30
",9,1,0,0,21,28
disgraceful,3,1,0,0,54,155
behaviour,2,1,0,0,17,101
",9,1,0,0,21,28
in,5,1,0,0,6,9
an,7,1,0,0,9,15
Intertoto,2,1,1,0,6,12
final,3,1,0,0,39,23
match,2,1,0,0,20,44
against,5,1,0,0,91,19
Karlsruhe,2,1,1,0,158,3
of,5,1,0,0,8,13
Germany,2,1,1,0,99,79
.,9,1,0,0,5,5
