Serbian,3,1,1,0,22,15
officials,2,1,0,0,8,66
have,1,1,0,0,19,41
denied,1,1,0,0,28,6
any,7,1,0,0,9,79
abuses,2,1,0,0,121,14
occurred,1,1,0,0,1,6
during,5,1,0,0,124,11
a,7,1,0,0,10,16
10-day,3,1,0,0,93,24
registration,2,1,0,0,15,7
period,2,1,0,0,52,157
and,10,1,0,0,9,10
the,7,1,0,0,3,3
Bosnian,2,1,1,0,61,15
Serbs,2,1,1,0,22,1
;,9,1,0,0,4,4
angry,3,1,0,0,9,53
at,5,1,0,0,34,20
the,7,1,0,0,3,3
postponement,2,1,0,0,43,25
of,5,1,0,0,8,13
municipal,3,1,0,0,136,23
elections,2,1,0,0,149,40
;,9,1,0,0,4,4
have,1,1,0,0,19,41
threatened,1,1,0,0,3,6
to,10,1,0,0,7,12
hold,1,1,0,0,65,37
local,3,1,0,0,59,23
polls,2,1,0,0,43,66
on,5,1,0,0,16,7
their,6,1,0,0,3,84
territory,2,1,0,0,77,53
without,5,1,0,0,25,43
the,7,1,0,0,3,3
international,3,1,0,0,6,23
community,2,1,0,0,11,59
's,10,1,0,0,32,35
blessing,2,1,0,0,155,11
.,9,1,0,0,5,5
