Puig,2,1,1,0,143,1
's,10,1,0,0,32,35
first,3,1,0,0,39,19
novel,2,1,0,0,40,80
;,9,1,0,0,4,4
",9,1,0,0,21,28
Bertillon,2,1,1,0,17,7
166,8,1,0,0,162,1
;,9,1,0,0,4,4
",9,1,0,0,21,28
was,1,1,0,0,26,21
published,1,1,0,0,143,6
in,5,1,0,0,6,9
1960,8,1,0,0,31,1
;,9,1,0,0,4,4
a,7,1,0,0,10,16
year,2,1,0,0,94,55
after,5,1,0,0,79,8
the,7,1,0,0,3,3
Cuban,3,1,1,0,113,15
revolution,2,1,0,0,15,7
brought,1,1,0,0,68,81
President,2,1,1,0,24,25
Fidel,2,1,1,0,39,80
Castro,2,1,1,0,38,200
to,10,1,0,0,7,12
power,2,1,0,0,43,8
.,9,1,0,0,5,5
