",9,1,0,0,21,28
I,6,1,1,1,135,107
think,1,1,0,0,3,119
this,7,1,0,0,3,31
morning,2,1,0,0,37,11
's,10,1,0,0,32,35
Canadian,3,1,1,0,38,15
numbers,2,1,0,0,199,34
were,1,1,0,0,27,22
very,4,1,0,0,157,53
supportive,3,1,0,0,60,41
of,5,1,0,0,8,13
narrower,3,1,0,0,102,8
spreads,2,1,0,0,85,70
;,9,1,0,0,4,4
particularly,4,1,0,0,41,36
the,7,1,0,0,3,3
current,3,1,0,0,113,25
account,2,1,0,0,112,25
number,2,1,0,0,199,8
;,9,1,0,0,4,4
",9,1,0,0,21,28
said,1,1,0,0,12,27
Jim,2,1,1,0,1,116
Webber,2,1,1,0,27,8
;,9,1,0,0,4,4
director,2,1,0,0,54,30
of,5,1,0,0,8,13
fixed-income,3,1,0,0,39,47
research,2,1,0,0,15,44
with,5,1,0,0,25,32
TD,2,1,1,1,1,1
Securities,2,1,1,0,22,14
Inc,2,1,1,0,6,1
.,9,1,0,0,5,5
