Three,8,1,1,0,3,88
Russian,3,1,1,0,90,15
servicemen,2,1,0,0,22,26
were,1,1,0,0,27,22
wounded,1,1,0,0,49,6
in,5,1,0,0,6,9
a,7,1,0,0,10,16
total,2,1,0,0,7,23
of,5,1,0,0,8,13
six,8,1,0,0,73,153
shooting,2,1,0,0,63,11
incidents,2,1,0,0,6,29
overnight,4,1,0,0,110,81
;,9,1,0,0,4,4
Itar-Tass,3,1,1,0,47,75
news,2,1,0,0,36,150
agency,2,1,0,0,91,135
quoted,1,1,0,0,126,6
the,7,1,0,0,3,3
Russian,3,1,1,0,90,15
military,2,1,0,0,33,53
as,5,1,0,0,66,21
saying,1,1,0,0,12,11
on,5,1,0,0,16,7
Tuesday,2,1,1,0,137,24
morning,2,1,0,0,37,11
.,9,1,0,0,5,5
