Traders,2,1,1,0,67,34
have,1,1,0,0,19,41
said,1,1,0,0,12,27
the,7,1,0,0,3,3
reserve,2,1,0,0,15,41
could,10,1,0,0,11,37
negotiate,1,1,0,0,36,50
concessions,2,1,0,0,11,40
on,5,1,0,0,16,7
duties,2,1,0,0,124,14
--,9,1,0,0,130,106
three,8,1,0,0,3,88
percent,2,1,0,0,52,25
import,2,1,0,0,153,67
tax,2,1,0,0,78,1
and,10,1,0,0,9,10
17,8,1,0,0,177,196
percent,2,1,0,0,52,25
value-added,3,1,0,0,164,6
tax,2,1,0,0,78,1
--,9,1,0,0,130,106
that,5,1,0,0,3,20
made,1,1,0,0,20,74
the,7,1,0,0,3,3
copper,2,1,0,0,11,8
prohibitively,4,1,0,0,24,36
expensive,3,1,0,0,89,41
otherwise,4,1,0,0,178,48
.,9,1,0,0,5,5
