After,5,1,1,0,79,8
World,2,1,1,0,49,37
War,2,1,1,0,26,55
II,2,1,1,1,1,1
;,9,1,0,0,4,4
corporations,2,1,0,0,11,40
adopted,1,1,0,0,128,6
a,7,1,0,0,10,16
",9,1,0,0,21,28
military,3,1,0,0,33,53
model,2,1,0,0,37,80
",9,1,0,0,21,28
creating,1,1,0,0,106,11
hierarchical,3,1,0,0,51,23
organisations,2,1,0,0,116,40
where,4,1,0,0,35,22
",9,1,0,0,21,28
the,7,1,0,0,3,3
concept,2,1,0,0,11,194
of,5,1,0,0,8,13
defined,1,1,0,0,28,6
tasks,2,1,0,0,78,98
worked,1,1,0,0,49,6
great,3,1,0,0,81,20
;,9,1,0,0,4,4
",9,1,0,0,21,28
she,6,1,0,0,63,3
said,1,1,0,0,12,27
.,9,1,0,0,5,5
