British,3,1,1,0,68,83
farmers,2,1,0,0,97,34
denied,1,1,0,0,28,6
on,5,1,0,0,16,7
Thursday,2,1,1,0,3,24
there,10,1,0,0,3,22
was,1,1,0,0,26,21
any,7,1,0,0,9,79
danger,2,1,0,0,87,8
to,10,1,0,0,7,12
human,3,1,0,0,150,15
health,2,1,0,0,30,32
from,5,1,0,0,29,54
their,6,1,0,0,3,84
sheep,2,1,0,0,63,1
;,9,1,0,0,4,4
but,10,1,0,0,58,43
expressed,1,1,0,0,89,6
concern,2,1,0,0,11,102
that,5,1,0,0,3,20
German,3,1,1,0,99,15
government,2,1,0,0,71,25
advice,2,1,0,0,128,33
to,10,1,0,0,7,12
consumers,2,1,0,0,11,34
to,10,1,0,0,7,12
avoid,1,1,0,0,197,27
British,3,1,1,0,68,83
lamb,2,1,0,0,57,1
might,10,1,0,0,33,81
influence,1,1,0,0,6,33
consumers,2,1,0,0,11,34
across,5,1,0,0,112,75
Europe,2,1,1,0,175,189
.,9,1,0,0,5,5
