Chinese,3,1,1,0,42,48
authorities,2,1,0,0,96,14
appeared,1,1,0,0,161,6
to,10,1,0,0,7,12
be,1,1,0,0,17,78
using,1,1,0,0,185,11
administrative,3,1,0,0,128,41
punishment,2,1,0,0,143,25
more,4,1,0,0,37,22
frequently,4,1,0,0,29,36
to,10,1,0,0,7,12
take,1,1,0,0,78,92
dissidents,2,1,0,0,54,29
out,5,1,0,0,100,43
of,5,1,0,0,8,13
circulation,2,1,0,0,146,7
without,5,1,0,0,25,43
having,1,1,0,0,19,11
to,10,1,0,0,7,12
go,1,1,0,0,71,109
through,5,1,0,0,3,113
a,7,1,0,0,10,16
more,4,1,0,0,37,22
complicated,3,1,0,0,11,6
judicial,3,1,0,0,105,23
process,2,1,0,0,24,75
to,10,1,0,0,7,12
impose,1,1,0,0,153,48
criminal,3,1,0,0,106,23
sentences,2,1,0,0,22,14
;,9,1,0,0,4,4
Western,3,1,1,0,27,102
diplomats,2,1,0,0,54,29
have,1,1,0,0,19,41
said,1,1,0,0,12,27
.,9,1,0,0,5,5
