Britain,2,1,1,0,68,9
's,10,1,0,0,32,35
Chris,2,1,1,0,42,31
Boardman,2,1,1,0,61,15
fulfilled,1,1,0,0,152,6
his,6,1,0,0,51,31
prediction,2,1,0,0,24,7
that,5,1,0,0,3,20
he,6,1,0,0,30,3
would,10,1,0,0,49,37
break,1,1,0,0,68,195
the,7,1,0,0,3,3
world,2,1,0,0,49,37
4;000,8,1,0,0,1,62
metres,2,1,0,0,64,14
world,2,1,0,0,49,37
record,2,1,0,0,15,76
in,5,1,0,0,6,9
the,7,1,0,0,3,3
world,2,1,0,0,49,37
track,2,1,0,0,67,82
cycling,2,1,0,0,1,11
championships,2,1,0,0,42,130
on,5,1,0,0,16,7
Wednesday,2,1,1,0,27,24
.,9,1,0,0,5,5
