Panamanian,3,1,1,0,41,15
boxing,2,1,0,0,61,11
legend,2,1,0,0,48,10
Roberto,2,1,1,0,80,12
",9,1,0,0,21,28
Hands,2,1,1,0,19,70
of,5,1,0,0,8,13
Stone,2,1,1,0,23,51
",9,1,0,0,21,28
Duran,3,1,1,0,124,15
climbs,2,1,0,0,95,1
into,5,1,0,0,6,12
the,7,1,0,0,3,3
ring,2,1,0,0,108,11
on,5,1,0,0,16,7
Saturday,2,1,1,0,12,24
in,5,1,0,0,6,9
another,7,1,0,0,9,8
age-defying,3,1,0,0,91,11
attempt,2,1,0,0,34,194
to,10,1,0,0,7,12
sustain,1,1,0,0,60,9
his,6,1,0,0,51,31
long,3,1,0,0,59,11
career,2,1,0,0,38,8
.,9,1,0,0,5,5
