Separatist,2,1,1,0,22,19
guerrillas,2,1,0,0,148,21
planted,1,1,0,0,76,6
two,8,1,0,0,104,99
bombs,2,1,0,0,61,1
overnight,4,1,0,0,110,81
at,5,1,0,0,34,20
government,2,1,0,0,71,25
offices,2,1,0,0,8,14
on,5,1,0,0,16,7
the,7,1,0,0,3,3
French,2,1,1,0,29,44
Mediterranean,2,1,1,0,64,15
island,2,1,0,0,56,10
of,5,1,0,0,8,13
Corsica,2,1,1,0,11,148
despite,5,1,0,0,28,50
fresh,3,1,0,0,29,83
warnings,2,1,0,0,26,104
of,5,1,0,0,8,13
a,7,1,0,0,10,16
crackdown,2,1,0,0,106,96
by,5,1,0,0,75,61
Paris,2,1,1,0,41,31
;,9,1,0,0,4,4
police,2,1,0,0,43,33
said,1,1,0,0,12,27
on,5,1,0,0,16,7
Thursday,2,1,1,0,3,24
.,9,1,0,0,5,5
