Bosnian,2,1,1,0,61,15
Vice,2,1,1,0,103,33
President,2,1,1,0,24,25
Ejup,2,1,1,0,1,68
Ganic,2,1,1,0,98,71
;,9,1,0,0,4,4
a,7,1,0,0,10,16
Moslem,2,1,1,0,37,115
;,9,1,0,0,4,4
told,1,1,0,0,7,37
the,7,1,0,0,3,3
refugees,2,1,0,0,15,14
:,9,1,0,0,84,69
",9,1,0,0,21,28
We,6,1,1,0,27,110
have,1,1,0,0,19,41
a,7,1,0,0,10,16
message,2,1,0,0,64,77
for,5,1,0,0,18,30
the,7,1,0,0,3,3
Serbs,2,1,1,0,22,1
who,6,1,0,0,35,90
are,1,1,0,0,53,22
now,4,1,0,0,40,91
in,5,1,0,0,6,9
our,6,1,0,0,100,101
homes,2,1,0,0,65,14
not,4,1,0,0,40,64
to,10,1,0,0,7,12
plan,1,1,0,0,76,15
the,7,1,0,0,3,3
future,2,1,0,0,152,22
of,5,1,0,0,8,13
their,6,1,0,0,3,84
children,2,1,0,0,42,26
there,4,1,0,0,3,22
because,5,1,0,0,17,48
there,10,1,0,0,3,22
will,10,1,0,0,25,38
be,1,1,0,0,17,78
no,7,1,0,0,40,117
good,3,1,0,0,71,157
fortune,2,1,0,0,18,51
in,5,1,0,0,6,9
that,7,1,0,0,3,20
.,9,1,0,0,5,5
",9,1,0,0,21,28
