",9,1,0,0,21,28
Topolcany,2,1,1,0,7,79
and,10,1,0,0,9,10
the,7,1,0,0,3,3
area,2,1,0,0,53,172
around,5,1,0,0,53,10
this,7,1,0,0,3,31
town,2,1,0,0,7,96
were,1,1,0,0,27,22
reported,1,1,0,0,15,6
to,10,1,0,0,7,12
have,1,1,0,0,19,41
been,1,1,0,0,17,26
the,7,1,0,0,3,3
most,4,1,0,0,37,19
visited,1,1,0,0,103,6
places,2,1,0,0,76,14
by,5,1,0,0,75,61
Dutroux,2,1,1,0,124,1
and,10,1,0,0,9,10
his,6,1,0,0,51,31
accomplices,2,1,0,0,112,14
in,5,1,0,0,6,9
Slovakia,2,1,1,0,163,49
;,9,1,0,0,4,4
",9,1,0,0,21,28
Gajdos,2,1,1,0,98,143
said,1,1,0,0,12,27
.,9,1,0,0,5,5
