Saqr,2,1,1,0,12,1
;,9,1,0,0,4,4
whose,6,1,0,0,35,48
trial,2,1,0,0,67,23
was,1,1,0,0,26,21
concurrent,3,1,0,0,11,25
with,5,1,0,0,25,32
Lahd,2,1,1,0,57,1
's,10,1,0,0,32,35
;,9,1,0,0,4,4
was,1,1,0,0,26,21
convicted,1,1,0,0,11,6
of,5,1,0,0,8,13
",9,1,0,0,21,28
contacting,1,1,0,0,11,11
the,7,1,0,0,3,3
Israeli,3,1,1,0,56,167
enemy,2,1,0,0,92,163
;,9,1,0,0,4,4
passing,1,1,0,0,41,11
information,2,1,0,0,6,7
to,10,1,0,0,7,12
Israel,2,1,1,0,56,80
and,10,1,0,0,9,10
undertaking,1,1,0,0,70,11
hostile,3,1,0,0,65,39
acts,2,1,0,0,112,29
against,5,1,0,0,91,19
Lebanon,2,1,1,0,48,7
",9,1,0,0,21,28
.,9,1,0,0,5,5
