",9,1,0,0,21,28
If,5,1,1,0,194,173
there,10,1,0,0,3,22
are,1,1,0,0,53,22
any,7,1,0,0,9,79
more,3,1,0,0,37,22
instances,2,1,0,0,6,14
of,5,1,0,0,8,13
death,2,1,0,0,28,32
in,5,1,0,0,6,9
custody,2,1,0,0,113,141
it,6,1,0,0,47,46
will,10,1,0,0,25,38
be,1,1,0,0,17,78
further,3,1,0,0,152,8
proof,2,1,0,0,24,13
that,5,1,0,0,3,20
a,7,1,0,0,10,16
prison,2,1,0,0,24,7
sentence,2,1,0,0,22,33
for,5,1,0,0,18,30
political,3,1,0,0,43,23
prisoners,2,1,0,0,24,34
is,1,1,0,0,56,31
sometimes,4,1,0,0,50,14
almost,4,1,0,0,55,19
the,7,1,0,0,3,3
same,3,1,0,0,12,47
as,5,1,0,0,66,21
a,7,1,0,0,10,16
death,2,1,0,0,28,32
sentence,2,1,0,0,22,33
;,9,1,0,0,4,4
",9,1,0,0,21,28
Suu,2,1,1,0,60,1
Kyi,2,1,1,0,1,1
said,1,1,0,0,12,27
.,9,1,0,0,5,5
