Russian,3,1,1,0,90,15
security,2,1,0,0,22,59
chief,2,1,0,0,42,1
Aleksander,2,1,1,0,55,8
Lebed,3,1,1,0,48,6
faces,2,1,0,0,97,14
an,7,1,0,0,9,15
almost,4,1,0,0,55,19
impossible,3,1,0,0,153,39
task,2,1,0,0,78,1
in,5,1,0,0,6,9
Chechnya,2,1,1,0,42,185
and,10,1,0,0,9,10
is,1,1,0,0,56,31
likely,3,1,0,0,86,36
to,10,1,0,0,7,12
be,1,1,0,0,17,78
sidelined,1,1,0,0,73,6
;,9,1,0,0,4,4
Polish,2,1,1,0,43,83
Foreign,2,1,1,0,18,156
Minister,2,1,1,0,33,8
Dariusz,2,1,1,0,87,1
Rosati,2,1,1,0,80,1
was,1,1,0,0,26,21
reported,1,1,0,0,15,6
as,5,1,0,0,66,21
saying,1,1,0,0,12,11
on,5,1,0,0,16,7
Wednesday,2,1,1,0,27,24
.,9,1,0,0,5,5
