On,5,1,1,0,16,7
Tuesday,2,1,1,0,137,24
Lyman,2,1,1,0,1,15
participated,1,1,0,0,41,6
in,5,1,0,0,6,9
a,7,1,0,0,10,16
meeting,2,1,0,0,64,11
of,5,1,0,0,8,13
a,7,1,0,0,10,16
joint-commission,2,1,0,0,118,7
where,4,1,0,0,35,22
he,6,1,0,0,30,3
considered,1,1,0,0,11,6
that,5,1,0,0,3,20
the,7,1,0,0,3,3
Angolan,3,1,1,0,9,15
politicians,2,1,0,0,43,40
should,10,1,0,0,63,37
advance,1,1,0,0,128,33
faster,4,1,0,0,97,8
and,10,1,0,0,9,10
find,1,1,0,0,39,10
a,7,1,0,0,10,16
way,2,1,0,0,26,24
to,10,1,0,0,7,12
cooperate,1,1,0,0,11,50
.,9,1,0,0,5,5
