",9,1,0,0,21,28
The,7,1,1,0,3,3
new,3,1,0,0,36,73
evidence,2,1,0,0,179,33
to,10,1,0,0,7,12
me,6,1,0,0,64,47
means,1,1,0,0,64,40
some,7,1,0,0,50,47
of,5,1,0,0,8,13
that,7,1,0,0,3,20
proposal,2,1,0,0,24,23
should,10,1,0,0,63,37
be,1,1,0,0,17,78
re-examined,3,1,0,0,15,6
because,5,1,0,0,17,48
we,6,1,0,0,27,110
could,10,1,0,0,11,37
get,1,1,0,0,99,57
away,4,1,0,0,1,24
with,5,1,0,0,25,32
considerably,4,1,0,0,11,36
less,10,1,0,0,48,75
animals,2,1,0,0,9,66
being,1,1,0,0,17,11
culled,1,1,0,0,113,6
if,5,1,0,0,194,173
in,5,1,0,0,6,9
fact,2,1,0,0,97,100
scientists,2,1,0,0,101,29
throughout,5,1,0,0,3,43
Europe,2,1,1,0,175,189
accepted,1,1,0,0,112,6
this,7,1,0,0,3,31
evidence,2,1,0,0,179,33
;,9,1,0,0,4,4
",9,1,0,0,21,28
Naish,2,1,1,0,102,83
said,1,1,0,0,12,27
.,9,1,0,0,5,5
