Hong,2,1,1,0,65,11
Kong,2,1,1,0,169,11
also,4,1,0,0,55,114
had,1,1,0,0,19,52
the,7,1,0,0,3,3
necessary,3,1,0,0,36,53
",9,1,0,0,21,28
constitutional,3,1,0,0,11,23
infrastructure,2,1,0,0,6,22
",9,1,0,0,21,28
in,5,1,0,0,6,9
place,2,1,0,0,76,33
;,9,1,0,0,4,4
with,5,1,0,0,25,32
the,7,1,0,0,3,3
promise,2,1,0,0,24,48
of,5,1,0,0,8,13
autonomy,2,1,0,0,96,163
in,5,1,0,0,6,9
running,1,1,0,0,90,11
its,6,1,0,0,47,29
affairs,2,1,0,0,79,34
after,5,1,0,0,79,8
the,7,1,0,0,3,3
handover,2,1,0,0,19,8
from,5,1,0,0,29,54
Britain,2,1,1,0,68,9
to,10,1,0,0,7,12
China,2,1,1,0,42,85
.,9,1,0,0,5,5
