",9,1,0,0,21,28
I,6,1,1,1,135,107
know,1,1,0,0,1,91
their,6,1,0,0,3,84
(,9,1,0,0,13,17
the,7,1,0,0,3,3
Zairean,3,1,1,0,1,15
government,2,1,0,0,71,25
's,10,1,0,0,32,35
),9,1,0,0,14,18
position,2,1,0,0,43,7
and,10,1,0,0,9,10
I,6,1,1,1,135,107
know,1,1,0,0,1,91
it,6,1,0,0,47,46
's,1,1,0,0,32,35
very,4,1,0,0,157,53
delicate,3,1,0,0,28,50
and,10,1,0,0,9,10
we,6,1,0,0,27,110
are,1,1,0,0,53,22
very,4,1,0,0,157,53
sensitive,3,1,0,0,22,41
to,10,1,0,0,7,12
their,6,1,0,0,3,84
position,2,1,0,0,43,7
also,4,1,0,0,55,114
;,9,1,0,0,4,4
",9,1,0,0,21,28
the,7,1,0,0,3,3
general,2,1,0,0,99,23
added,1,1,0,0,128,6
.,9,1,0,0,5,5
