Until,5,1,1,0,70,95
this,7,1,0,0,3,31
date,2,1,0,0,87,50
the,7,1,0,0,3,3
free,3,1,0,0,29,88
circulation,2,1,0,0,146,7
of,5,1,0,0,8,13
peoples,2,1,0,0,52,14
and,10,1,0,0,9,10
goods,2,1,0,0,71,70
should,10,1,0,0,63,37
be,1,1,0,0,17,78
guaranteed,1,1,0,0,148,6
;,9,1,0,0,4,4
the,7,1,0,0,3,3
government,2,1,0,0,71,25
administration,2,1,0,0,128,7
installed,1,1,0,0,6,6
in,5,1,0,0,6,9
all,7,1,0,0,55,38
areas,2,1,0,0,53,21
and,10,1,0,0,9,10
the,7,1,0,0,3,3
Unita,2,1,1,0,70,108
deputies,2,1,0,0,28,14
should,10,1,0,0,63,37
occupy,1,1,0,0,1,1
their,6,1,0,0,3,84
places,2,1,0,0,76,14
in,5,1,0,0,6,9
the,7,1,0,0,3,3
National,2,1,1,0,102,23
Assembly,2,1,1,0,66,36
.,9,1,0,0,5,5
