",9,1,0,0,21,28
I,6,1,1,1,135,107
think,1,1,0,0,3,119
there,10,1,0,0,3,22
's,1,1,0,0,32,35
probably,4,1,0,0,24,36
a,7,1,0,0,10,16
whole,3,1,0,0,35,39
lot,2,1,0,0,59,64
of,5,1,0,0,8,13
material,2,1,0,0,20,23
that,7,1,0,0,3,20
would,10,1,0,0,49,37
expand,1,1,0,0,89,10
our,6,1,0,0,100,101
understanding,2,1,0,0,70,11
of,5,1,0,0,8,13
the,7,1,0,0,3,3
sociology,2,1,0,0,50,1
of,5,1,0,0,8,13
the,7,1,0,0,3,3
war,2,1,0,0,26,55
;,9,1,0,0,4,4
",9,1,0,0,21,28
said,1,1,0,0,12,27
Edward,2,1,1,0,1,76
Smith,2,1,1,0,1,32
;,9,1,0,0,4,4
director,2,1,0,0,54,30
of,5,1,0,0,8,13
American,2,1,1,0,138,15
Studies,2,1,1,0,23,14
at,5,1,0,0,34,20
American,2,1,1,0,138,15
University,2,1,1,0,70,59
in,5,1,0,0,6,9
Washington,2,1,1,0,26,7
.,9,1,0,0,5,5
