Speaker,2,1,1,0,85,8
of,5,1,0,0,8,13
the,7,1,0,0,3,3
House,2,1,1,0,65,48
of,5,1,0,0,8,13
Representatives,2,1,1,0,15,14
Wahono,2,1,1,0,26,117
has,1,1,0,0,19,21
called,1,1,0,0,38,6
on,5,1,0,0,16,7
those,7,1,0,0,3,48
serving,2,1,0,0,22,11
in,5,1,0,0,6,9
high,3,1,0,0,51,113
state,2,1,0,0,23,50
institutions,2,1,0,0,6,40
to,10,1,0,0,7,12
direct,1,1,0,0,54,100
their,6,1,0,0,3,84
efforts,2,1,0,0,1,29
in,5,1,0,0,6,9
the,7,1,0,0,3,3
coming,1,1,0,0,11,11
years,2,1,0,0,94,34
towards,5,1,0,0,7,70
dismantling,1,1,0,0,54,11
all,7,1,0,0,55,38
barriers,2,1,0,0,46,34
to,10,1,0,0,7,12
social,3,1,0,0,50,23
justice,2,1,0,0,105,33
.,9,1,0,0,5,5
