State,2,1,1,0,23,50
chief,3,1,0,0,42,1
minister,2,1,0,0,33,8
M.,2,1,1,0,1,1
Karunanidhi,2,1,1,0,158,1
has,1,1,0,0,19,21
publicly,4,1,0,0,143,36
welcomed,1,1,0,0,27,6
the,7,1,0,0,3,3
refugees,2,1,0,0,15,14
;,9,1,0,0,4,4
who,6,1,0,0,35,90
are,1,1,0,0,53,22
fleeing,1,1,0,0,154,11
the,7,1,0,0,3,3
13-year,3,1,0,0,147,55
war,2,1,0,0,26,55
between,5,1,0,0,17,26
Tamil,2,1,1,0,78,95
separatists,2,1,0,0,22,29
and,10,1,0,0,9,10
government,2,1,0,0,71,25
troops,2,1,0,0,67,130
that,5,1,0,0,3,20
Colombo,2,1,1,0,11,1
says,1,1,0,0,12,142
has,1,1,0,0,19,21
cost,2,1,0,0,11,19
50;000,8,1,0,0,192,62
lives,2,1,0,0,86,14
.,9,1,0,0,5,5
