",9,1,0,0,21,28
Salvador,2,1,1,0,12,30
is,1,1,0,0,56,31
a,7,1,0,0,10,16
small,3,1,0,0,1,38
facility,2,1,0,0,97,59
;,9,1,0,0,4,4
and,10,1,0,0,9,10
the,7,1,0,0,3,3
prospects,2,1,0,0,24,29
are,1,1,0,0,53,22
that,5,1,0,0,3,20
if,5,1,0,0,194,173
there,10,1,0,0,3,22
will,10,1,0,0,25,38
be,1,1,0,0,17,78
a,7,1,0,0,10,16
strike,2,1,0,0,23,92
;,9,1,0,0,4,4
it,6,1,0,0,47,46
will,10,1,0,0,25,38
not,4,1,0,0,40,64
be,1,1,0,0,17,78
a,7,1,0,0,10,16
long,3,1,0,0,59,11
strike,2,1,0,0,23,92
;,9,1,0,0,4,4
",9,1,0,0,21,28
O'Neill,2,1,1,0,1,38
said,1,1,0,0,12,27
.,9,1,0,0,5,5
