",9,1,0,0,21,28
I,6,1,1,1,135,107
won,1,1,0,0,49,7
the,7,1,0,0,3,3
second,3,1,0,0,22,10
set,2,1,0,0,22,57
;,9,1,0,0,4,4
which,7,1,0,0,35,44
I,6,1,1,1,135,107
did,1,1,0,0,54,27
n't,4,1,0,0,1,1
think,1,1,0,0,3,119
I,6,1,1,1,135,107
would,10,1,0,0,49,37
do,1,1,0,0,83,136
;,9,1,0,0,4,4
being,1,1,0,0,17,11
down,4,1,0,0,83,96
5-2,8,1,0,0,1,154
and,10,1,0,0,9,10
the,7,1,0,0,3,3
chances,2,1,0,0,42,14
she,6,1,0,0,63,3
had,1,1,0,0,19,52
at,5,1,0,0,34,20
6-5,8,1,0,0,120,1
;,9,1,0,0,4,4
",9,1,0,0,21,28
Graf,1,1,1,0,81,1
recalled,1,1,0,0,15,6
.,9,1,0,0,5,5
