",9,1,0,0,21,28
No,7,1,1,0,40,117
searches,2,1,0,0,22,14
;,9,1,0,0,4,4
no,7,1,0,0,40,117
arrests,2,1,0,0,53,29
;,9,1,0,0,4,4
no,7,1,0,0,40,117
police,2,1,0,0,43,33
reinforcements,2,1,0,0,15,29
visible,3,1,0,0,103,39
on,5,1,0,0,16,7
the,7,1,0,0,3,3
island,2,1,0,0,56,10
;,9,1,0,0,4,4
despite,5,1,0,0,28,50
the,7,1,0,0,3,3
ministry,2,1,0,0,33,53
's,10,1,0,0,32,35
promises,2,1,0,0,24,14
;,9,1,0,0,4,4
",9,1,0,0,21,28
the,7,1,0,0,3,3
daily,3,1,0,0,87,36
France-Soir,3,1,1,0,29,84
lamented,1,1,0,0,57,6
.,9,1,0,0,5,5
