League,2,1,1,0,48,86
duties,2,1,0,0,124,14
restricted,1,1,0,0,15,6
the,7,1,0,0,3,3
Barbarians,2,1,1,0,46,40
',10,1,0,0,189,180
selectorial,3,1,0,0,22,23
options,2,1,0,0,117,40
but,10,1,0,0,58,43
they,6,1,0,0,3,65
still,4,1,0,0,23,38
boast,1,1,0,0,61,19
13,8,1,0,0,147,152
internationals,2,1,0,0,6,66
including,1,1,0,0,6,11
England,2,1,1,0,92,10
full-back,2,1,0,0,152,82
Tim,2,1,1,0,107,116
Stimpson,2,1,1,0,23,7
and,10,1,0,0,9,10
recalled,1,1,0,0,15,6
wing,2,1,0,0,25,11
Tony,2,1,1,0,7,79
Underwood,2,1,1,0,70,157
;,9,1,0,0,4,4
plus,10,1,0,0,76,94
All,7,1,1,0,55,38
Black,2,1,1,0,155,82
forwards,4,1,0,0,18,70
Ian,2,1,1,0,1,15
Jones,2,1,1,0,118,14
and,10,1,0,0,9,10
Norm,2,1,1,0,40,159
Hewitt,2,1,1,0,30,1
.,9,1,0,0,5,5
