",9,1,0,0,21,28
Unified,3,1,1,0,70,6
is,1,1,0,0,56,31
one,8,1,0,0,16,51
of,5,1,0,0,8,13
the,7,1,0,0,3,3
blue,3,1,0,0,155,86
chips,2,1,0,0,42,130
;,9,1,0,0,4,4
which,7,1,0,0,35,44
has,1,1,0,0,19,21
more,3,1,0,0,37,22
prospects,2,1,0,0,24,29
than,5,1,0,0,3,15
anybody,2,1,0,0,9,141
else,4,1,0,0,149,48
does,1,1,0,0,83,14
;,9,1,0,0,4,4
because,5,1,0,0,17,48
they,6,1,0,0,3,65
have,1,1,0,0,19,41
ADRs,2,1,1,0,128,34
supposedly,4,1,0,0,60,36
coming,1,1,0,0,11,11
up,10,1,0,0,131,68
;,9,1,0,0,4,4
",9,1,0,0,21,28
Mokhoff,2,1,1,0,37,129
said,1,1,0,0,12,27
.,9,1,0,0,5,5
