",9,1,0,0,21,28
In,5,1,1,0,6,9
the,7,1,0,0,3,3
first,3,1,0,0,39,19
six,8,1,0,0,73,153
months,2,1,0,0,37,1
of,5,1,0,0,8,13
1996,8,1,0,0,31,144
we,6,1,0,0,27,110
concentrated,3,1,0,0,11,6
on,5,1,0,0,16,7
increasing,1,1,0,0,6,11
the,7,1,0,0,3,3
volume,2,1,0,0,171,47
of,5,1,0,0,8,13
our,6,1,0,0,100,101
output,2,1,0,0,100,43
and,10,1,0,0,9,10
exports,2,1,0,0,89,29
in,5,1,0,0,6,9
particular,3,1,0,0,41,55
and,10,1,0,0,9,10
improving,1,1,0,0,153,11
the,7,1,0,0,3,3
quality,2,1,0,0,126,59
of,5,1,0,0,8,13
our,6,1,0,0,100,101
products,2,1,0,0,24,29
;,9,1,0,0,4,4
",9,1,0,0,21,28
the,7,1,0,0,3,3
report,2,1,0,0,15,67
said,1,1,0,0,12,27
.,9,1,0,0,5,5
