The,7,1,1,0,3,3
magazines,2,1,0,0,20,14
;,9,1,0,0,4,4
Eva,2,1,1,0,179,174
Tremila,2,1,1,0,67,137
and,10,1,0,0,9,10
its,6,1,0,0,47,29
sister,2,1,0,0,73,8
publication,2,1,0,0,143,7
Gente,2,1,1,0,99,50
;,9,1,0,0,4,4
printed,1,1,0,0,24,6
up,10,1,0,0,131,68
to,10,1,0,0,7,12
26,8,1,0,0,1,162
pages,2,1,0,0,41,14
of,5,1,0,0,8,13
photos,2,1,0,0,191,143
of,5,1,0,0,8,13
the,7,1,0,0,3,3
woman,2,1,0,0,49,15
undressing,1,1,0,0,70,11
Ducruet,2,1,1,0,124,57
;,9,1,0,0,4,4
the,7,1,0,0,3,3
pair,2,1,0,0,41,84
embracing,1,1,0,0,196,11
on,5,1,0,0,16,7
a,7,1,0,0,10,16
sunbed,3,1,0,0,60,6
and,10,1,0,0,9,10
finally,4,1,0,0,39,36
both,7,1,0,0,61,32
naked,3,1,0,0,102,6
.,9,1,0,0,5,5
