Israel,2,1,1,0,56,80
announced,1,1,0,0,9,6
this,7,1,0,0,3,31
week,2,1,0,0,27,120
the,7,1,0,0,3,3
expansion,2,1,0,0,89,7
of,5,1,0,0,8,13
Jewish,2,1,1,0,176,83
West,2,1,1,0,27,19
Bank,2,1,1,0,46,119
settlements,2,1,0,0,22,29
surrounding,1,1,0,0,60,11
Jerusalem,2,1,1,0,176,115
and,10,1,0,0,9,10
the,7,1,0,0,3,3
demolition,2,1,0,0,28,7
of,5,1,0,0,8,13
an,7,1,0,0,9,15
Arab,3,1,1,0,53,1
community,2,1,0,0,11,59
centre,2,1,0,0,122,22
in,5,1,0,0,6,9
East,2,1,1,0,119,19
Jerusalem,2,1,1,0,176,115
.,9,1,0,0,5,5
