Canada,2,1,1,0,38,118
is,1,1,0,0,56,31
fast-tracking,3,1,0,0,97,11
immigration,2,1,0,0,153,7
applications,2,1,0,0,161,40
from,5,1,0,0,29,54
Chinese,3,1,1,0,42,48
dissidents,2,1,0,0,54,29
in,5,1,0,0,6,9
Hong,2,1,1,0,65,11
Kong,2,1,1,0,169,11
before,5,1,0,0,17,22
the,7,1,0,0,3,3
British,3,1,1,0,68,83
colony,2,1,0,0,11,79
reverts,1,1,0,0,15,29
to,10,1,0,0,7,12
China,2,1,1,0,42,85
's,10,1,0,0,32,35
control,2,1,0,0,11,149
next,3,1,0,0,36,197
year,2,1,0,0,94,55
;,9,1,0,0,4,4
the,7,1,0,0,3,3
Vancouver,2,1,1,0,164,8
Sun,2,1,1,0,60,161
reported,1,1,0,0,15,6
on,5,1,0,0,16,7
Wednesday,2,1,1,0,27,24
.,9,1,0,0,5,5
