",9,1,0,0,21,28
With,5,1,1,0,25,32
the,7,1,0,0,3,3
unemployment,2,1,0,0,70,25
rate,2,1,0,0,82,50
staying,1,1,0,0,23,11
close,4,1,0,0,95,48
to,10,1,0,0,7,12
about,5,1,0,0,121,43
5.5,8,1,0,0,186,1
percent,2,1,0,0,52,25
over,5,1,0,0,110,8
the,7,1,0,0,3,3
last,3,1,0,0,57,19
two,8,1,0,0,104,99
years,2,1,0,0,94,34
;,9,1,0,0,4,4
there,10,1,0,0,3,22
is,1,1,0,0,56,31
a,7,1,0,0,10,16
good,3,1,0,0,71,157
chance,2,1,0,0,42,33
the,7,1,0,0,3,3
rate,2,1,0,0,82,50
will,10,1,0,0,25,38
slowly,4,1,0,0,163,36
drop,1,1,0,0,132,187
to,10,1,0,0,7,12
about,5,1,0,0,121,43
5.0,8,1,0,0,186,1
percent,2,1,0,0,52,25
by,5,1,0,0,75,61
the,7,1,0,0,3,3
end,2,1,0,0,92,10
of,5,1,0,0,8,13
the,7,1,0,0,3,3
year,2,1,0,0,94,55
;,9,1,0,0,4,4
",9,1,0,0,21,28
Goldstein,2,1,1,0,71,9
said,1,1,0,0,12,27
.,9,1,0,0,5,5
