U.S.,2,1,1,0,111,87
investors,2,1,0,0,6,34
in,5,1,0,0,6,9
troubled,3,1,0,0,67,6
Lloyd,2,1,1,0,1,1
's,10,1,0,0,32,35
of,5,1,0,0,8,13
London,2,1,1,0,59,7
were,1,1,0,0,27,22
considering,1,1,0,0,11,11
late,4,1,0,0,57,50
on,4,1,0,0,16,7
Tuesday,2,1,1,0,137,24
whether,5,1,0,0,35,8
to,10,1,0,0,7,12
appeal,1,1,0,0,161,23
a,7,1,0,0,10,16
U.S.,2,1,1,0,111,87
court,2,1,0,0,11,67
decision,2,1,0,0,28,7
in,5,1,0,0,6,9
favour,2,1,0,0,97,101
of,5,1,0,0,8,13
Lloyd,2,1,1,0,1,1
's,10,1,0,0,32,35
and,10,1,0,0,9,10
pledged,1,1,0,0,76,6
to,10,1,0,0,7,12
continue,1,1,0,0,11,86
pursuing,1,1,0,0,143,11
other,3,1,0,0,178,8
legal,3,1,0,0,48,23
actions,2,1,0,0,112,40
.,9,1,0,0,5,5
