The,7,1,1,0,3,3
suit,2,1,0,0,60,46
was,1,1,0,0,26,21
filed,1,1,0,0,39,6
on,5,1,0,0,16,7
Wednesday,2,1,1,0,27,24
in,5,1,0,0,6,9
federal,3,1,0,0,109,23
court,2,1,0,0,11,67
in,5,1,0,0,6,9
Manhattan,2,1,1,0,20,15
and,10,1,0,0,9,10
is,1,1,0,0,56,31
another,7,1,0,0,9,8
legal,3,1,0,0,48,23
skirmish,2,1,0,0,1,83
over,5,1,0,0,110,8
what,6,1,0,0,35,20
constitutes,1,1,0,0,11,14
a,7,1,0,0,10,16
",9,1,0,0,21,28
broadcast,2,1,0,0,68,19
",9,1,0,0,21,28
in,5,1,0,0,6,9
the,7,1,0,0,3,3
computer,2,1,0,0,11,8
age,2,1,0,0,91,77
.,9,1,0,0,5,5
