The,7,1,1,0,3,3
president,2,1,0,0,24,25
's,10,1,0,0,32,35
office,2,1,0,0,8,33
said,1,1,0,0,12,27
in,5,1,0,0,6,9
a,7,1,0,0,10,16
statement,2,1,0,0,23,25
that,5,1,0,0,3,20
Lands,2,1,1,0,57,70
Minister,2,1,1,0,33,8
Luminzu,2,1,1,0,1,1
Shimaponda,2,1,1,0,63,118
had,1,1,0,0,19,52
been,1,1,0,0,17,26
appointed,1,1,0,0,161,6
Legal,2,1,1,0,48,23
Affairs,2,1,1,0,79,34
Minister,2,1,1,0,33,8
;,9,1,0,0,4,4
while,5,1,0,0,35,39
Deputy,2,1,1,0,28,59
Foreign,2,1,1,0,18,156
Minister,2,1,1,0,33,8
Peter,2,1,1,0,52,8
Machungwa,2,1,1,0,20,1
would,10,1,0,0,49,37
take,1,1,0,0,78,92
over,5,1,0,0,110,8
from,5,1,0,0,29,54
Shimaponda,2,1,1,0,63,118
.,9,1,0,0,5,5
