Japanese,3,1,1,0,114,48
Prime,2,1,1,0,24,47
Minister,2,1,1,0,33,8
Ryutaro,2,1,1,0,1,200
Hashimoto,2,1,1,0,19,12
left,1,1,0,0,48,165
Brasilia,2,1,1,0,68,49
on,5,1,0,0,16,7
Monday,2,1,1,0,37,24
for,5,1,0,0,18,30
Lima,2,1,1,0,86,1
;,9,1,0,0,4,4
the,7,1,0,0,3,3
penultimate,3,1,0,0,52,50
stop,2,1,0,0,23,187
on,5,1,0,0,16,7
a,7,1,0,0,10,16
10-day,3,1,0,0,93,24
Latin,2,1,1,0,57,9
American,2,1,1,0,138,15
tour,2,1,0,0,7,101
;,9,1,0,0,4,4
a,7,1,0,0,10,16
Brazilian,3,1,1,0,68,15
Foreign,2,1,1,0,18,156
Ministry,2,1,1,0,33,53
spokeswoman,2,1,0,0,85,15
said,1,1,0,0,12,27
.,9,1,0,0,5,5
