",9,1,0,0,21,28
Chemical,2,1,1,0,42,23
products,2,1,0,0,24,29
",9,1,0,0,21,28
came,1,1,0,0,38,47
next,3,1,0,0,36,197
with,5,1,0,0,25,32
a,7,1,0,0,10,16
13,8,1,0,0,147,152
percent,2,1,0,0,52,25
share,2,1,0,0,63,22
;,9,1,0,0,4,4
then,4,1,0,0,3,26
",9,1,0,0,21,28
transport,2,1,0,0,67,67
materials,2,1,0,0,20,66
",9,1,0,0,21,28
with,5,1,0,0,25,32
nine,8,1,0,0,145,51
percent,2,1,0,0,52,25
;,9,1,0,0,4,4
and,10,1,0,0,9,10
finally,4,1,0,0,39,36
foods,2,1,0,0,18,70
;,9,1,0,0,4,4
drinks,2,1,0,0,132,98
and,10,1,0,0,9,10
tobacco,2,1,0,0,7,147
with,5,1,0,0,25,32
6.3,8,1,0,0,1,1
percent,2,1,0,0,52,25
.,9,1,0,0,5,5
