The,7,1,1,0,3,3
destruction,2,1,0,0,28,7
of,5,1,0,0,8,13
the,7,1,0,0,3,3
16th-century,3,1,0,0,162,53
mosque,2,1,0,0,37,86
in,5,1,0,0,6,9
the,7,1,0,0,3,3
northern,3,1,0,0,40,102
Indian,3,1,1,0,6,15
town,2,1,0,0,7,96
of,5,1,0,0,8,13
Ayodhya,2,1,1,0,1,185
triggered,1,1,0,0,67,6
nationwide,3,1,0,0,102,74
Hindu-Moslem,3,1,1,0,51,115
violence,2,1,0,0,103,33
in,5,1,0,0,6,9
which,7,1,0,0,35,44
more,3,1,0,0,37,22
than,5,1,0,0,3,15
3;000,8,1,0,0,1,62
people,2,1,0,0,52,39
were,1,1,0,0,27,22
killed,1,1,0,0,141,6
.,9,1,0,0,5,5
