",9,1,0,0,21,28
The,7,1,1,0,3,3
Islamic,2,1,1,0,56,71
Republic,2,1,1,0,15,71
of,5,1,0,0,8,13
Iran,2,1,1,0,144,15
has,1,1,0,0,19,21
reported,1,1,0,0,15,6
some,7,1,0,0,50,47
32,8,1,0,0,1,1
new,3,1,0,0,36,73
cases,2,1,0,0,38,14
of,5,1,0,0,8,13
ceasefire,2,1,0,0,122,22
violations,2,1,0,0,103,40
by,5,1,0,0,75,61
the,7,1,0,0,3,3
Iraqi,3,1,1,0,144,1
regime,2,1,0,0,15,47
between,5,1,0,0,17,26
March,2,1,1,0,20,44
31,8,1,0,0,1,166
and,10,1,0,0,9,10
May,2,1,1,0,20,24
31,8,1,0,0,1,166
;,9,1,0,0,4,4
1996,8,1,0,0,31,144
;,9,1,0,0,4,4
",9,1,0,0,21,28
it,6,1,0,0,47,46
reported,1,1,0,0,15,6
from,5,1,0,0,29,54
New,2,1,1,0,36,73
York,2,1,1,0,133,97
.,9,1,0,0,5,5
