JAPAN,2,1,1,1,114,15
-,9,1,0,0,44,42
Yield,2,1,1,0,1,37
for,5,1,0,0,18,30
benchmark,2,1,0,0,17,97
182nd,3,1,0,0,181,10
cash,2,1,0,0,38,83
bond,2,1,0,0,61,10
fell,1,1,0,0,109,38
on,5,1,0,0,16,7
buy-backs,2,1,0,0,58,98
following,1,1,0,0,18,11
weaker-than-expected,3,1,0,0,27,6
industrial,3,1,0,0,6,23
output,2,1,0,0,100,43
data,2,1,0,0,87,108
;,9,1,0,0,4,4
which,7,1,0,0,35,44
convinced,1,1,0,0,11,6
traders,2,1,0,0,67,34
the,7,1,0,0,3,3
BOJ,2,1,1,1,61,1
would,10,1,0,0,49,37
not,4,1,0,0,40,64
raise,1,1,0,0,82,48
interest,2,1,0,0,6,19
rates,2,1,0,0,82,14
soon,4,1,0,0,50,7
.,9,1,0,0,5,5
