Stomach,2,1,1,0,23,44
tucks,2,1,0,0,137,98
and,10,1,0,0,9,10
breast,2,1,0,0,68,19
operations,2,1,0,0,117,40
are,1,1,0,0,53,22
also,4,1,0,0,55,114
popular,3,1,0,0,43,55
since,5,1,0,0,73,33
the,7,1,0,0,3,3
tropical,3,1,0,0,67,23
climate,2,1,0,0,95,50
calls,1,1,0,0,38,66
for,5,1,0,0,18,30
flesh-baring,3,1,0,0,154,11
fashions,2,1,0,0,97,40
;,9,1,0,0,4,4
but,10,1,0,0,58,43
unlike,5,1,0,0,70,92
women,2,1,0,0,49,26
elsewhere,4,1,0,0,149,22
Brazilians,2,1,1,0,68,40
tend,1,1,0,0,77,10
to,10,1,0,0,7,12
have,1,1,0,0,19,41
breast,2,1,0,0,68,19
reductions,2,1,0,0,15,40
and,10,1,0,0,9,10
buttock,2,1,0,0,58,82
implants,2,1,0,0,153,29
.,9,1,0,0,5,5
