",9,1,0,0,21,28
I,6,1,1,1,135,107
think,1,1,0,0,3,119
his,6,1,0,0,51,31
views,2,1,0,0,103,150
on,5,1,0,0,16,7
(,9,1,0,0,13,17
U.S.,2,1,1,0,111,87
Treasury,2,1,1,0,67,53
Secretary,2,1,1,0,22,53
Robert,2,1,1,0,80,67
),9,1,0,0,14,18
Rubin,2,1,1,0,90,9
's,10,1,0,0,32,35
comments,2,1,0,0,11,29
were,1,1,0,0,27,22
indeed,4,1,0,0,6,6
what,6,1,0,0,35,20
he,6,1,0,0,30,3
himself,6,1,0,0,51,133
thinks,1,1,0,0,3,98
about,5,1,0,0,121,43
the,7,1,0,0,3,3
dollar,2,1,0,0,83,55
;,9,1,0,0,4,4
",9,1,0,0,21,28
said,1,1,0,0,12,27
Hank,2,1,1,0,19,119
Note,1,1,1,0,40,50
;,9,1,0,0,4,4
chief,3,1,0,0,42,1
dealer,2,1,0,0,28,8
at,5,1,0,0,34,20
Sumitomo,2,1,1,0,60,1
Bank,2,1,1,0,46,119
.,9,1,0,0,5,5
