",9,1,0,0,21,28
The,7,1,1,0,3,3
way,2,1,0,0,26,24
the,7,1,0,0,3,3
U.S.,2,1,1,0,111,87
Open,2,1,1,0,117,26
has,1,1,0,0,19,21
seeded,1,1,0,0,22,6
here,4,1,0,0,30,22
;,9,1,0,0,4,4
tampering,1,1,0,0,78,11
with,5,1,0,0,25,32
the,7,1,0,0,3,3
ranking,3,1,0,0,82,11
system,2,1,0,0,198,115
;,9,1,0,0,4,4
has,1,1,0,0,19,21
tarnished,1,1,0,0,78,6
the,7,1,0,0,3,3
image,2,1,0,0,153,77
and,10,1,0,0,9,10
reputation,2,1,0,0,15,7
of,5,1,0,0,8,13
this,7,1,0,0,3,31
U.S.,2,1,1,0,111,87
Open,2,1,1,0,117,26
in,5,1,0,0,6,9
the,7,1,0,0,3,3
players,2,1,0,0,76,34
',10,1,0,0,189,180
mind,2,1,0,0,33,10
;,9,1,0,0,4,4
and,10,1,0,0,9,10
we,6,1,0,0,27,110
think,1,1,0,0,3,119
that,7,1,0,0,3,20
is,1,1,0,0,56,31
damaging,3,1,0,0,87,11
to,10,1,0,0,7,12
our,6,1,0,0,100,101
sport,2,1,0,0,85,67
;,9,1,0,0,4,4
",9,1,0,0,21,28
Martin,2,1,1,0,20,9
said,1,1,0,0,12,27
.,9,1,0,0,5,5
