A,7,1,1,1,10,16
three-day,3,1,0,0,3,24
",9,1,0,0,21,28
independence,2,1,0,0,6,33
",9,1,0,0,21,28
march,2,1,0,0,20,44
along,5,1,0,0,55,11
the,7,1,0,0,3,3
Po,2,1,1,0,43,1
River,2,1,1,0,108,8
in,5,1,0,0,6,9
September,2,1,1,0,22,8
;,9,1,0,0,4,4
culminating,1,1,0,0,113,11
in,5,1,0,0,6,9
a,7,1,0,0,10,16
declaration,2,1,0,0,28,7
in,5,1,0,0,6,9
Venice,2,1,1,0,157,33
of,5,1,0,0,8,13
a,7,1,0,0,10,16
self-styled,3,1,0,0,22,6
",9,1,0,0,21,28
Republic,2,1,1,0,15,71
of,5,1,0,0,8,13
Padania,2,1,1,0,41,49
",9,1,0,0,21,28
;,9,1,0,0,4,4
flopped,1,1,0,0,154,6
badly,4,1,0,0,46,36
.,9,1,0,0,5,5
