The,7,1,1,0,3,3
outbreak,2,1,0,0,100,195
has,1,1,0,0,19,21
prompted,1,1,0,0,24,6
authorities,2,1,0,0,96,14
to,10,1,0,0,7,12
tighten,1,1,0,0,107,26
sanitary,3,1,0,0,12,53
standards,2,1,0,0,23,70
at,5,1,0,0,34,20
slaughterhouses,2,1,0,0,163,14
and,10,1,0,0,9,10
meatpacking,2,1,0,0,64,11
plants,2,1,0,0,76,29
and,10,1,0,0,9,10
sparked,1,1,0,0,85,6
calls,2,1,0,0,38,66
for,5,1,0,0,18,30
an,7,1,0,0,9,15
overhaul,2,1,0,0,110,155
of,5,1,0,0,8,13
the,7,1,0,0,3,3
nation,2,1,0,0,102,7
's,10,1,0,0,32,35
school,2,1,0,0,101,149
lunch,2,1,0,0,1,44
programme,2,1,0,0,24,47
.,9,1,0,0,5,5
