Czech,3,1,1,0,1,44
diplomats,2,1,0,0,54,29
;,9,1,0,0,4,4
seeking,1,1,0,0,22,11
to,10,1,0,0,7,12
have,1,1,0,0,19,41
their,6,1,0,0,3,84
country,2,1,0,0,11,53
included,1,1,0,0,6,6
in,5,1,0,0,6,9
the,7,1,0,0,3,3
expected,1,1,0,0,89,6
expansion,2,1,0,0,89,7
of,5,1,0,0,8,13
NATO,2,1,1,1,102,12
;,9,1,0,0,4,4
praised,1,1,0,0,24,6
the,7,1,0,0,3,3
selection,2,1,0,0,22,7
of,5,1,0,0,8,13
Albright,2,1,1,0,55,81
;,9,1,0,0,4,4
known,1,1,0,0,1,96
to,10,1,0,0,7,12
be,1,1,0,0,17,78
a,7,1,0,0,10,16
strong,3,1,0,0,23,11
supporter,2,1,0,0,60,8
of,5,1,0,0,8,13
alliance,2,1,0,0,55,33
's,10,1,0,0,32,35
integration,2,1,0,0,6,7
of,5,1,0,0,8,13
former,3,1,0,0,18,8
Soveit-bloc,3,1,1,0,50,1
countries,2,1,0,0,11,14
.,9,1,0,0,5,5
