Information,2,1,1,0,6,7
technology,2,1,0,0,77,1
firm,2,1,0,0,39,159
Electronic,2,1,1,0,149,71
Data,2,1,1,0,87,108
Systems,2,1,1,0,198,122
said,1,1,0,0,12,27
on,5,1,0,0,16,7
Friday,2,1,1,0,29,24
it,6,1,0,0,47,46
had,1,1,0,0,19,52
bagged,1,1,0,0,46,6
a,7,1,0,0,10,16
contract,2,1,0,0,11,100
for,5,1,0,0,18,30
the,7,1,0,0,3,3
first,3,1,0,0,39,19
air,2,1,0,0,156,84
traffic,2,1,0,0,67,71
control,2,1,0,0,11,149
project,2,1,0,0,24,100
being,1,1,0,0,17,11
funded,1,1,0,0,152,6
under,5,1,0,0,70,8
the,7,1,0,0,3,3
Private,2,1,1,0,24,50
Finance,2,1,1,0,39,33
Initiative,2,1,1,0,6,41
.,9,1,0,0,5,5
