It,6,1,1,0,47,46
quoted,1,1,0,0,126,6
the,7,1,0,0,3,3
manual,3,1,0,0,20,23
as,5,1,0,0,66,21
saying,1,1,0,0,12,11
:,9,1,0,0,84,69
",9,1,0,0,21,28
The,7,1,1,0,3,3
objective,2,1,0,0,1,41
of,5,1,0,0,8,13
the,7,1,0,0,3,3
Basic,2,1,1,0,46,71
Course,2,1,1,0,11,48
on,5,1,0,0,16,7
War,2,1,1,0,26,55
is,1,1,0,0,56,31
to,10,1,0,0,7,12
provide,1,1,0,0,24,74
for,5,1,0,0,18,30
combatants,2,1,0,0,11,29
of,5,1,0,0,8,13
the,7,1,0,0,3,3
EPR,2,1,1,1,1,1
basic,3,1,0,0,46,71
military,3,1,0,0,33,53
knowledge,2,1,0,0,1,77
for,5,1,0,0,18,30
the,7,1,0,0,3,3
armed,1,1,0,0,53,6
conflict,2,1,0,0,11,100
against,5,1,0,0,91,19
the,7,1,0,0,3,3
police,2,1,0,0,43,33
and,10,1,0,0,9,10
military,3,1,0,0,33,53
apparatus,2,1,0,0,161,94
of,5,1,0,0,8,13
the,7,1,0,0,3,3
bourgeoisie,2,1,0,0,61,158
.,9,1,0,0,5,5
",9,1,0,0,21,28
