The,7,1,1,0,3,3
British,3,1,1,0,68,83
government,2,1,0,0,71,25
on,5,1,0,0,16,7
Wednesday,2,1,1,0,27,24
lowered,1,1,0,0,59,6
the,7,1,0,0,3,3
noise,2,1,0,0,40,48
limits,2,1,0,0,86,29
for,5,1,0,0,18,30
London,2,1,1,0,59,7
's,10,1,0,0,32,35
Heathrow,2,1,1,0,30,91
;,9,1,0,0,4,4
Gatwick,2,1,1,0,98,82
and,10,1,0,0,9,10
Stansted,1,1,1,0,23,6
airports,2,1,0,0,156,29
and,10,1,0,0,9,10
announced,1,1,0,0,9,6
it,6,1,0,0,47,46
would,10,1,0,0,49,37
make,1,1,0,0,20,92
a,7,1,0,0,10,16
bigger,3,1,0,0,127,8
effort,2,1,0,0,1,67
in,5,1,0,0,6,9
detecting,2,1,0,0,28,11
and,10,1,0,0,9,10
fining,1,1,0,0,39,11
violators,2,1,0,0,103,34
.,9,1,0,0,5,5
