",9,1,0,0,21,28
We,6,1,1,0,27,110
are,1,1,0,0,53,22
in,5,1,0,0,6,9
the,7,1,0,0,3,3
late,3,1,0,0,57,50
stages,2,1,0,0,23,14
of,5,1,0,0,8,13
the,7,1,0,0,3,3
weaker,3,1,0,0,27,8
period,2,1,0,0,52,157
of,5,1,0,0,8,13
the,7,1,0,0,3,3
market,2,1,0,0,20,57
;,9,1,0,0,4,4
and,10,1,0,0,9,10
as,5,1,0,0,66,21
we,1,1,0,0,27,110
get,1,1,0,0,99,57
to,10,1,0,0,7,12
the,7,1,0,0,3,3
post,2,1,0,0,43,19
Labor,2,1,1,0,57,30
Day,2,1,1,0,87,24
market,2,1,0,0,20,57
we,6,1,0,0,27,110
will,10,1,0,0,25,38
start,1,1,0,0,23,67
to,10,1,0,0,7,12
see,1,1,0,0,22,88
more,3,1,0,0,37,22
consumer,2,1,0,0,11,8
interest,2,1,0,0,6,19
and,10,1,0,0,9,10
the,7,1,0,0,3,3
demand,2,1,0,0,28,10
side,2,1,0,0,73,74
of,5,1,0,0,8,13
the,7,1,0,0,3,3
market,2,1,0,0,20,57
will,10,1,0,0,25,38
start,1,1,0,0,23,67
to,10,1,0,0,7,12
firm,1,1,0,0,39,159
prices,2,1,0,0,24,14
up,10,1,0,0,131,68
;,9,1,0,0,4,4
",9,1,0,0,21,28
said,1,1,0,0,12,27
William,2,1,1,0,25,89
O'Neill,2,1,1,0,1,38
of,5,1,0,0,8,13
Merrill,2,1,1,0,64,38
Lynch,2,1,1,0,1,44
.,9,1,0,0,5,5
