But,10,1,1,0,58,43
the,7,1,0,0,3,3
ex-manager,2,1,0,0,89,8
confessed,1,1,0,0,11,6
on,5,1,0,0,16,7
Thursday,2,1,1,0,3,24
to,10,1,0,0,7,12
being,1,1,0,0,17,11
",9,1,0,0,21,28
sad,3,1,0,0,12,52
",9,1,0,0,21,28
at,5,1,0,0,34,20
leaving,1,1,0,0,48,11
after,5,1,0,0,79,8
taking,1,1,0,0,78,11
Blackburn,1,1,1,0,155,102
from,5,1,0,0,29,54
the,7,1,0,0,3,3
second,3,1,0,0,22,10
division,2,1,0,0,54,7
to,10,1,0,0,7,12
the,7,1,0,0,3,3
premier,3,1,0,0,24,8
league,2,1,0,0,48,86
title,2,1,0,0,107,39
inside,5,1,0,0,6,74
three,8,1,0,0,3,88
and,10,1,0,0,9,10
a,7,1,0,0,10,16
half,2,1,0,0,19,133
years,2,1,0,0,94,34
.,9,1,0,0,5,5
