",9,1,0,0,21,28
We,6,1,1,0,27,110
were,1,1,0,0,27,22
not,4,1,0,0,40,64
able,3,1,0,0,121,39
to,10,1,0,0,7,12
consider,1,1,0,0,11,8
Jacques,2,1,1,0,114,14
Kallis,2,1,1,0,158,31
;,9,1,0,0,4,4
Paul,2,1,1,0,41,155
Adams,2,1,1,0,128,122
and,10,1,0,0,9,10
Shaun,2,1,1,0,63,161
Pollock,2,1,1,0,43,82
due,3,1,0,0,124,86
to,10,1,0,0,7,12
injury,2,1,0,0,6,53
and,10,1,0,0,9,10
the,7,1,0,0,3,3
replacements,2,1,0,0,15,29
have,1,1,0,0,19,41
all,7,1,0,0,55,38
come,1,1,0,0,11,47
from,5,1,0,0,29,54
the,7,1,0,0,3,3
A,2,1,1,1,10,16
tour,2,1,0,0,7,101
and,10,1,0,0,9,10
it,6,1,0,0,47,46
's,1,1,0,0,32,35
great,3,1,0,0,81,20
that,5,1,0,0,3,20
they,6,1,0,0,3,65
are,1,1,0,0,53,22
all,7,1,0,0,55,38
in,5,1,0,0,6,9
form,2,1,0,0,18,159
.,9,1,0,0,5,5
",9,1,0,0,21,28
