Others,2,1,1,0,178,34
advancing,1,1,0,0,128,11
early,4,1,0,0,119,36
on,5,1,0,0,16,7
Monday,2,1,1,0,37,24
included,1,1,0,0,6,6
11th-seeded,2,1,0,0,134,6
American,2,1,1,0,138,15
Malivai,2,1,1,0,20,1
Washington,2,1,1,0,26,7
;,9,1,0,0,4,4
the,7,1,0,0,3,3
Wimbledon,2,1,1,0,25,7
runner-up,2,1,0,0,90,68
;,9,1,0,0,4,4
Sweden,2,1,1,0,167,26
's,10,1,0,0,32,35
Magnus,2,1,1,0,20,94
Gustafsson,2,1,1,0,148,7
;,9,1,0,0,4,4
and,10,1,0,0,9,10
two-time,3,1,0,0,104,47
former,3,1,0,0,18,8
French,3,1,1,0,29,44
Open,2,1,1,0,117,26
champion,2,1,0,0,42,7
Sergi,2,1,1,0,22,1
Bruguera,2,1,1,0,68,121
of,5,1,0,0,8,13
Spain,2,1,1,0,85,9
;,9,1,0,0,4,4
who,6,1,0,0,35,90
will,10,1,0,0,25,38
be,1,1,0,0,17,78
Stich,2,1,1,0,23,44
's,10,1,0,0,32,35
next,3,1,0,0,36,197
opponent,2,1,0,0,117,25
.,9,1,0,0,5,5
