",9,1,0,0,21,28
The,7,1,1,0,3,3
directors,2,1,0,0,54,34
report,2,1,0,0,15,67
that,5,1,0,0,3,20
negotiations,2,1,0,0,36,40
with,5,1,0,0,25,32
the,7,1,0,0,3,3
vendors,2,1,0,0,157,34
of,5,1,0,0,8,13
Swebus,2,1,1,0,167,94
AB,2,1,1,1,121,1
are,1,1,0,0,53,22
proceeding,1,1,0,0,24,11
and,10,1,0,0,9,10
they,6,1,0,0,3,65
expect,1,1,0,0,89,100
an,7,1,0,0,9,15
agreement,2,1,0,0,91,25
(,9,1,0,0,13,17
conditional,3,1,0,0,11,23
on,5,1,0,0,16,7
shareholder,2,1,0,0,63,8
approval,2,1,0,0,161,23
),9,1,0,0,14,18
will,10,1,0,0,25,38
be,1,1,0,0,17,78
signed,1,1,0,0,73,6
next,3,1,0,0,36,197
week,2,1,0,0,27,120
;,9,1,0,0,4,4
",9,1,0,0,21,28
Stagecoach,2,1,1,0,23,44
said,1,1,0,0,12,27
in,5,1,0,0,6,9
a,7,1,0,0,10,16
statement,2,1,0,0,23,25
.,9,1,0,0,5,5
