Arch,2,1,1,0,53,44
Petroleum,2,1,1,0,52,127
Inc,2,1,1,0,6,1
said,1,1,0,0,12,27
Wednesday,2,1,1,0,27,24
an,7,1,0,0,9,15
exploratory,3,1,0,0,89,53
well,2,1,0,0,27,38
in,5,1,0,0,6,9
Alberta,2,1,1,0,55,108
's,10,1,0,0,32,35
Morinville,2,1,1,0,37,39
area,2,1,0,0,53,172
tested,1,1,0,0,77,6
in,5,1,0,0,6,9
excess,2,1,0,0,89,75
of,5,1,0,0,8,13
1;100,8,1,0,0,1,62
barrels,2,1,0,0,46,66
daily,4,1,0,0,87,36
and,10,1,0,0,9,10
will,10,1,0,0,25,38
begin,1,1,0,0,17,9
production,2,1,0,0,24,7
immediately,4,1,0,0,153,36
.,9,1,0,0,5,5
