",9,1,0,0,21,28
Due,3,1,1,0,124,86
to,10,1,0,0,7,12
natural,3,1,0,0,102,23
seasonal,3,1,0,0,22,23
fluctuations,2,1,0,0,154,40
in,5,1,0,0,6,9
operations,2,1,0,0,117,40
;,9,1,0,0,4,4
the,7,1,0,0,3,3
end-year,3,1,0,0,92,55
result,2,1,0,0,15,182
trend,2,1,0,0,67,10
will,10,1,0,0,25,38
be,1,1,0,0,17,78
falling,1,1,0,0,97,11
;,9,1,0,0,4,4
but,10,1,0,0,58,43
based,1,1,0,0,46,6
on,5,1,0,0,16,7
the,7,1,0,0,3,3
early,3,1,0,0,119,36
year,2,1,0,0,94,55
result,2,1,0,0,15,182
trend,2,1,0,0,67,10
a,7,1,0,0,10,16
profitable,3,1,0,0,24,39
result,2,1,0,0,15,182
is,1,1,0,0,56,31
likely,3,1,0,0,86,36
to,10,1,0,0,7,12
be,1,1,0,0,17,78
achieved,1,1,0,0,112,6
;,9,1,0,0,4,4
",9,1,0,0,21,28
Kekkila,2,1,1,0,165,137
said,1,1,0,0,12,27
in,5,1,0,0,6,9
its,6,1,0,0,47,29
January-June,3,1,1,0,114,51
interim,3,1,0,0,6,116
report,2,1,0,0,15,67
.,9,1,0,0,5,5
