",9,1,0,0,21,28
I,6,1,1,1,135,107
bear,1,1,0,0,17,55
witness,2,1,0,0,25,75
that,5,1,0,0,3,20
there,10,1,0,0,3,22
is,1,1,0,0,56,31
no,7,1,0,0,40,117
God,2,1,1,0,71,157
but,10,1,0,0,58,43
Allah,2,1,1,0,55,1
and,10,1,0,0,9,10
I,6,1,1,1,135,107
bear,1,1,0,0,17,55
witness,2,1,0,0,25,75
that,5,1,0,0,3,20
the,7,1,0,0,3,3
prophet,2,1,0,0,24,57
Mohammed,2,1,1,0,37,6
is,1,1,0,0,56,31
the,7,1,0,0,3,3
messenger,2,1,0,0,64,8
of,5,1,0,0,8,13
God,2,1,1,0,71,157
;,9,1,0,0,4,4
",9,1,0,0,21,28
he,6,1,0,0,30,3
quoted,1,1,0,0,126,6
Mills,2,1,1,0,33,66
as,5,1,0,0,66,21
saying,1,1,0,0,12,11
.,9,1,0,0,5,5
