",9,1,0,0,21,28
But,10,1,1,0,58,43
the,7,1,0,0,3,3
good,3,1,0,0,71,157
news,2,1,0,0,36,150
is,1,1,0,0,56,31
that,5,1,0,0,3,20
all,7,1,0,0,55,38
our,6,1,0,0,100,101
computer,2,1,0,0,11,8
models,2,1,0,0,37,66
indicate,1,1,0,0,6,50
Edouard,2,1,1,0,1,76
is,1,1,0,0,56,31
going,1,1,0,0,71,11
to,10,1,0,0,7,12
turn,1,1,0,0,137,102
to,10,1,0,0,7,12
the,7,1,0,0,3,3
west-northwest,3,1,0,0,27,19
on,5,1,0,0,16,7
Sunday,2,1,1,0,60,24
and,10,1,0,0,9,10
miss,1,1,0,0,33,75
the,7,1,0,0,3,3
islands,2,1,0,0,56,70
;,9,1,0,0,4,4
",9,1,0,0,21,28
he,6,1,0,0,30,3
added,1,1,0,0,128,6
.,9,1,0,0,5,5
