",9,1,0,0,21,28
Because,5,1,1,0,17,48
our,6,1,0,0,100,101
leaders,2,1,0,0,48,34
have,1,1,0,0,19,41
started,1,1,0,0,23,6
to,10,1,0,0,7,12
behave,1,1,0,0,17,41
with,5,1,0,0,25,32
extreme,3,1,0,0,89,47
hostility,2,1,0,0,65,59
towards,5,1,0,0,7,70
the,7,1,0,0,3,3
interests,2,1,0,0,6,29
of,5,1,0,0,8,13
their,6,1,0,0,3,84
peoples,2,1,0,0,52,14
to,10,1,0,0,7,12
court,1,1,0,0,11,67
the,7,1,0,0,3,3
goodwill,2,1,0,0,71,38
of,5,1,0,0,8,13
the,7,1,0,0,3,3
Americans,2,1,1,0,138,40
and,10,1,0,0,9,10
the,7,1,0,0,3,3
Zionists,2,1,1,0,1,29
;,9,1,0,0,4,4
",9,1,0,0,21,28
he,6,1,0,0,30,3
added,1,1,0,0,128,6
.,9,1,0,0,5,5
