",9,1,0,0,21,28
Although,5,1,1,0,55,113
it,6,1,0,0,47,46
saddens,1,1,0,0,12,40
me,6,1,0,0,64,47
to,10,1,0,0,7,12
leave,1,1,0,0,48,41
;,9,1,0,0,4,4
I,6,1,1,1,135,107
am,1,1,0,0,138,89
looking,1,1,0,0,59,11
forward,4,1,0,0,18,76
to,10,1,0,0,7,12
spending,2,1,0,0,85,11
more,3,1,0,0,37,22
time,2,1,0,0,107,47
with,5,1,0,0,25,32
my,6,1,0,0,1,163
family,2,1,0,0,97,36
and,10,1,0,0,9,10
pursuing,1,1,0,0,143,11
other,3,1,0,0,178,8
interests,2,1,0,0,6,29
that,7,1,0,0,3,20
have,1,1,0,0,19,41
been,1,1,0,0,17,26
on,5,1,0,0,16,7
the,7,1,0,0,3,3
back,3,1,0,0,46,82
burner,2,1,0,0,58,8
for,5,1,0,0,18,30
sometime,4,1,0,0,50,47
.,9,1,0,0,5,5
",9,1,0,0,21,28
