Police,2,1,1,0,43,33
said,1,1,0,0,12,27
the,7,1,0,0,3,3
killings,2,1,0,0,141,104
occurred,1,1,0,0,1,6
on,5,1,0,0,16,7
Saturday,2,1,1,0,12,24
morning,2,1,0,0,37,11
in,5,1,0,0,6,9
the,7,1,0,0,3,3
municipality,2,1,0,0,136,59
of,5,1,0,0,8,13
Anza,2,1,1,0,9,1
but,10,1,0,0,58,43
news,2,1,0,0,36,150
of,5,1,0,0,8,13
the,7,1,0,0,3,3
massacre,2,1,0,0,20,22
only,4,1,0,0,16,36
reached,1,1,0,0,15,6
the,7,1,0,0,3,3
provincial,3,1,0,0,24,23
capital,2,1,0,0,38,23
of,5,1,0,0,8,13
Medellin,2,1,1,0,64,9
early,4,1,0,0,119,36
on,5,1,0,0,16,7
Sunday,2,1,1,0,60,24
.,9,1,0,0,5,5
