Above-normal,3,1,1,0,121,23
summer,2,1,0,0,60,8
rainfall,2,1,0,0,82,38
in,5,1,0,0,6,9
the,7,1,0,0,3,3
U.S.,2,1,1,0,111,87
High,2,1,1,0,51,113
Plains,2,1,1,0,76,40
has,1,1,0,0,19,21
produced,1,1,0,0,24,6
near-ideal,3,1,0,0,36,23
conditions,2,1,0,0,11,40
for,5,1,0,0,18,30
planting,1,1,0,0,76,11
the,7,1,0,0,3,3
1997,8,1,0,0,31,1
hard,3,1,0,0,19,76
red,3,1,0,0,15,6
winter,2,1,0,0,25,8
wheat,2,1,0,0,35,20
crop,2,1,0,0,106,187
;,9,1,0,0,4,4
analysts,2,1,0,0,9,29
said,1,1,0,0,12,27
Wednesday,2,1,1,0,27,24
.,9,1,0,0,5,5
