",9,1,0,0,21,28
The,7,1,1,0,3,3
RDR,2,1,1,1,1,1
appeals,2,1,0,0,161,66
to,10,1,0,0,7,12
all,7,1,0,0,55,38
refugees,2,1,0,0,15,14
to,10,1,0,0,7,12
prepare,1,1,0,0,24,22
themselves,6,1,0,0,3,14
calmly,4,1,0,0,38,36
for,5,1,0,0,18,30
the,7,1,0,0,3,3
demands,2,1,0,0,28,70
of,5,1,0,0,8,13
the,7,1,0,0,3,3
census,2,1,0,0,122,94
agents,2,1,0,0,91,29
because,5,1,0,0,17,48
it,6,1,0,0,47,46
will,10,1,0,0,25,38
be,1,1,0,0,17,78
in,5,1,0,0,6,9
their,6,1,0,0,3,84
ultimate,3,1,0,0,1,50
interest,2,1,0,0,6,19
;,9,1,0,0,4,4
",9,1,0,0,21,28
the,7,1,0,0,3,3
group,2,1,0,0,81,68
said,1,1,0,0,12,27
in,5,1,0,0,6,9
a,7,1,0,0,10,16
statement,2,1,0,0,23,25
.,9,1,0,0,5,5
