Pre-electoral,3,1,1,0,24,23
bickering,2,1,0,0,127,11
flared,1,1,0,0,154,6
on,5,1,0,0,16,7
Wednesday,2,1,1,0,27,24
in,5,1,0,0,6,9
the,7,1,0,0,3,3
troubled,3,1,0,0,67,6
western,3,1,0,0,27,102
Mexican,3,1,1,0,64,15
state,2,1,0,0,23,50
of,5,1,0,0,8,13
Guerrero,2,1,1,0,148,200
as,5,1,0,0,66,21
some,7,1,0,0,50,47
opposition,2,1,0,0,117,7
politicians,2,1,0,0,43,40
demanded,1,1,0,0,28,6
the,7,1,0,0,3,3
army,2,1,0,0,53,163
pull,2,1,0,0,143,38
out,5,1,0,0,100,43
of,5,1,0,0,8,13
the,7,1,0,0,3,3
area,2,1,0,0,53,172
ahead,4,1,0,0,1,52
of,5,1,0,0,8,13
an,7,1,0,0,9,15
upcoming,3,1,0,0,131,11
state,2,1,0,0,23,50
poll,2,1,0,0,43,38
.,9,1,0,0,5,5
