",9,1,0,0,21,28
Evaluating,1,1,1,0,179,11
all,7,1,0,0,55,38
the,7,1,0,0,3,3
conditions,2,1,0,0,11,40
of,5,1,0,0,8,13
the,7,1,0,0,3,3
case,2,1,0,0,38,48
the,7,1,0,0,3,3
court,2,1,0,0,11,67
thinks,1,1,0,0,3,98
the,7,1,0,0,3,3
sentence,2,1,0,0,22,33
should,10,1,0,0,63,37
be,1,1,0,0,17,78
lower,3,1,0,0,59,8
than,5,1,0,0,3,15
the,7,1,0,0,3,3
minimum,3,1,0,0,33,127
(,9,1,0,0,13,17
15,8,1,0,0,125,124
years,2,1,0,0,94,34
),9,1,0,0,14,18
;,9,1,0,0,4,4
",9,1,0,0,21,28
Tirana,2,1,1,0,107,85
judge,2,1,0,0,105,77
Qazim,2,1,1,0,1,116
Gjonaj,2,1,1,0,1,1
added,1,1,0,0,128,6
.,9,1,0,0,5,5
