",9,1,0,0,21,28
A,7,1,1,1,10,16
sale,2,1,0,0,12,39
of,5,1,0,0,8,13
about,5,1,0,0,121,43
$,9,1,0,0,129,105
60,8,1,0,0,1,1
million,8,1,0,0,33,7
by,5,1,0,0,75,61
Hyundai,2,1,1,0,1,1
Heavy,2,1,1,0,30,1
pushed,1,1,0,0,143,6
the,7,1,0,0,3,3
dollar,2,1,0,0,83,55
down,10,1,0,0,83,96
earlier,4,1,0,0,119,8
in,5,1,0,0,6,9
the,7,1,0,0,3,3
day,2,1,0,0,87,24
;,9,1,0,0,4,4
but,10,1,0,0,58,43
Monday,2,1,1,0,37,24
's,10,1,0,0,32,35
import,2,1,0,0,153,67
needs,2,1,0,0,36,70
helped,1,1,0,0,30,6
it,6,1,0,0,47,46
recover,1,1,0,0,15,8
;,9,1,0,0,4,4
",9,1,0,0,21,28
said,1,1,0,0,12,27
a,7,1,0,0,10,16
Koram,2,1,1,0,169,89
Bank,2,1,1,0,46,119
dealer,2,1,0,0,28,8
.,9,1,0,0,5,5
