Yasser,2,1,1,0,1,8
Arafat,2,1,1,0,53,20
will,10,1,0,0,25,38
meet,1,1,0,0,64,57
Shimon,2,1,1,0,63,7
Peres,2,1,1,0,52,14
in,5,1,0,0,6,9
Gaza,2,1,1,0,98,1
on,5,1,0,0,16,7
Thursday,2,1,1,0,3,24
after,5,1,0,0,79,8
Palestinians,2,1,1,0,41,40
said,1,1,0,0,12,27
the,7,1,0,0,3,3
right-wing,3,1,0,0,108,11
Israeli,3,1,1,0,56,167
government,2,1,0,0,71,25
had,1,1,0,0,19,52
barred,1,1,0,0,46,6
the,7,1,0,0,3,3
Palestinian,3,1,1,0,41,15
leader,2,1,0,0,48,8
from,5,1,0,0,29,54
flying,1,1,0,0,154,11
to,10,1,0,0,7,12
the,7,1,0,0,3,3
West,2,1,1,0,27,19
Bank,2,1,1,0,46,119
for,5,1,0,0,18,30
talks,2,1,0,0,78,98
with,5,1,0,0,25,32
the,7,1,0,0,3,3
former,3,1,0,0,18,8
prime,3,1,0,0,24,47
minister,2,1,0,0,33,8
.,9,1,0,0,5,5
