In,5,1,1,0,6,9
a,7,1,0,0,10,16
lengthy,3,1,0,0,48,1
debate,2,1,0,0,28,50
on,5,1,0,0,16,7
Burundi,2,1,1,0,58,1
before,5,1,0,0,17,22
the,7,1,0,0,3,3
U.N.,2,1,1,0,111,1
Security,2,1,1,0,22,59
Council,2,1,1,0,11,95
;,9,1,0,0,4,4
Ambassador,2,1,1,0,138,30
Nsanze,2,1,1,0,1,1
Terence,2,1,1,0,77,33
said,1,1,0,0,12,27
the,7,1,0,0,3,3
new,3,1,0,0,36,73
military,3,1,0,0,33,53
government,2,1,0,0,71,25
took,1,1,0,0,7,188
over,5,1,0,0,110,8
to,10,1,0,0,7,12
stabilise,1,1,0,0,23,48
the,7,1,0,0,3,3
country,2,1,0,0,11,53
and,10,1,0,0,9,10
wanted,1,1,0,0,26,6
negotiations,2,1,0,0,36,40
under,5,1,0,0,70,8
former,3,1,0,0,18,8
Tanzanian,3,1,1,0,78,15
President,2,1,1,0,24,25
Julius,2,1,1,0,105,94
Nyrere,2,1,1,0,1,22
.,9,1,0,0,5,5
