",9,1,0,0,21,28
From,5,1,1,0,29,54
an,7,1,0,0,9,15
earnings,2,1,0,0,119,104
perspective,2,1,0,0,52,41
;,9,1,0,0,4,4
the,7,1,0,0,3,3
current,3,1,0,0,113,25
fiscal,3,1,0,0,39,23
year,2,1,0,0,94,55
has,1,1,0,0,19,21
begun,1,1,0,0,17,161
with,5,1,0,0,25,32
great,3,1,0,0,81,20
promise,2,1,0,0,24,48
due,4,1,0,0,124,86
to,10,1,0,0,7,12
the,7,1,0,0,3,3
hit,2,1,0,0,51,46
motion,2,1,0,0,37,7
picture,2,1,0,0,172,22
',10,1,0,0,189,180
Independence,2,1,1,0,6,33
Day,2,1,1,0,87,24
;,9,1,0,0,4,4
',9,1,0,0,189,180
",9,1,0,0,21,28
News,2,1,1,0,36,150
Corp,2,1,1,0,11,1
said,1,1,0,0,12,27
in,5,1,0,0,6,9
a,7,1,0,0,10,16
statement,2,1,0,0,23,25
announcing,1,1,0,0,9,11
its,6,1,0,0,47,29
results,2,1,0,0,15,29
for,5,1,0,0,18,30
the,7,1,0,0,3,3
year,2,1,0,0,94,55
to,10,1,0,0,7,12
June,2,1,1,0,105,51
30,8,1,0,0,180,125
;,9,1,0,0,4,4
1996,8,1,0,0,31,144
.,9,1,0,0,5,5
