The,7,1,1,0,3,3
government-appointed,3,1,0,0,71,6
watchdog,2,1,0,0,26,1
;,9,1,0,0,4,4
Human,2,1,1,0,150,15
Rights,2,1,1,0,108,29
National,2,1,1,0,102,23
Observatory,2,1,1,0,1,53
;,9,1,0,0,4,4
was,1,1,0,0,26,21
quoted,1,1,0,0,126,6
this,7,1,0,0,3,31
month,2,1,0,0,37,32
by,5,1,0,0,75,61
local,3,1,0,0,59,23
newspapers,2,1,0,0,36,34
as,5,1,0,0,66,21
saying,1,1,0,0,12,11
about,4,1,0,0,121,43
1;400,8,1,0,0,1,62
civilians,2,1,0,0,146,40
have,1,1,0,0,19,41
died,1,1,0,0,54,6
in,5,1,0,0,6,9
bomb,2,1,0,0,61,1
attacks,2,1,0,0,34,98
blamed,1,1,0,0,155,6
on,5,1,0,0,16,7
Moslem,2,1,1,0,37,115
rebels,2,1,0,0,15,66
in,5,1,0,0,6,9
the,7,1,0,0,3,3
past,3,1,0,0,41,19
two,8,1,0,0,104,99
years,2,1,0,0,94,34
.,9,1,0,0,5,5
