The,7,1,1,0,3,3
ILO,2,1,1,1,1,201
wants,1,1,0,0,26,29
a,7,1,0,0,10,16
trade,2,1,0,0,67,74
and,10,1,0,0,9,10
labour,2,1,0,0,57,101
rights,2,1,0,0,108,29
",9,1,0,0,21,28
social,3,1,0,0,50,23
clause,2,1,0,0,95,48
",9,1,0,0,21,28
included,1,1,0,0,6,6
in,5,1,0,0,6,9
the,7,1,0,0,3,3
final,3,1,0,0,39,23
ministerial,3,1,0,0,33,23
statement,2,1,0,0,23,25
issued,1,1,0,0,56,6
by,5,1,0,0,75,61
WTO,2,1,1,1,1,12
leaders,2,1,0,0,48,34
at,5,1,0,0,34,20
the,7,1,0,0,3,3
end,2,1,0,0,92,10
of,5,1,0,0,8,13
the,7,1,0,0,3,3
meeting,2,1,0,0,64,11
;,9,1,0,0,4,4
the,7,1,0,0,3,3
organization,2,1,0,0,116,7
's,10,1,0,0,32,35
first,3,1,0,0,39,19
ministerial-level,3,1,0,0,33,80
gathering,2,1,0,0,98,11
.,9,1,0,0,5,5
