But,10,1,1,0,58,43
they,6,1,0,0,3,65
are,1,1,0,0,53,22
also,4,1,0,0,55,114
campaigning,1,1,0,0,38,11
on,5,1,0,0,16,7
broader,3,1,0,0,68,8
issue,2,1,0,0,56,86
such,3,1,0,0,60,44
as,5,1,0,0,66,21
stopping,1,1,0,0,23,11
the,7,1,0,0,3,3
government,2,1,0,0,71,25
road,2,1,0,0,80,52
building,2,1,0,0,58,11
programme,2,1,0,0,24,47
and,10,1,0,0,9,10
out-of-town,3,1,0,0,100,96
superstores,2,1,0,0,60,14
which,7,1,0,0,35,44
they,6,1,0,0,3,65
say,1,1,0,0,12,24
create,1,1,0,0,106,50
more,3,1,0,0,37,22
traffic,2,1,0,0,67,71
;,9,1,0,0,4,4
pollution,2,1,0,0,43,7
and,10,1,0,0,9,10
damage,2,1,0,0,87,77
local,3,1,0,0,59,23
communities,2,1,0,0,11,14
.,9,1,0,0,5,5
