No,7,1,1,0,40,117
one,8,1,0,0,16,51
immediately,4,1,0,0,153,36
claimed,1,1,0,0,95,6
responsibility,2,1,0,0,15,59
for,5,1,0,0,18,30
Thursday,2,1,1,0,3,24
's,10,1,0,0,32,35
incidents,2,1,0,0,6,29
;,9,1,0,0,4,4
which,7,1,0,0,35,44
brought,1,1,0,0,68,81
to,10,1,0,0,7,12
23,8,1,0,0,1,171
the,7,1,0,0,3,3
number,2,1,0,0,199,8
of,5,1,0,0,8,13
guerrilla,3,1,0,0,148,137
attacks,2,1,0,0,34,98
on,5,1,0,0,16,7
the,7,1,0,0,3,3
resort,2,1,0,0,15,67
island,2,1,0,0,56,10
since,5,1,0,0,73,33
mid-August,2,1,0,0,33,19
;,9,1,0,0,4,4
when,4,1,0,0,35,26
separatist,3,1,0,0,22,19
guerrillas,2,1,0,0,148,21
ended,1,1,0,0,92,6
a,7,1,0,0,10,16
shaky,3,1,0,0,63,1
seven-month,3,1,0,0,22,32
truce,2,1,0,0,67,33
.,9,1,0,0,5,5
