The,7,1,1,0,3,3
Israeli,3,1,1,0,56,167
government,2,1,0,0,71,25
is,1,1,0,0,56,31
studying,1,1,0,0,23,11
redeployment,2,1,0,0,15,25
plans,2,1,0,0,76,40
submitted,1,1,0,0,60,6
by,5,1,0,0,75,61
Defence,2,1,1,0,28,33
Minister,2,1,1,0,33,8
Yitzhak,2,1,1,0,1,195
Mordechai,2,1,1,0,37,1
which,7,1,0,0,35,44
are,1,1,0,0,53,22
likely,3,1,0,0,86,36
to,10,1,0,0,7,12
demand,1,1,0,0,28,10
a,7,1,0,0,10,16
wider,3,1,0,0,25,8
than,5,1,0,0,3,15
agreed,1,1,0,0,91,6
army,2,1,0,0,53,163
presence,2,1,0,0,24,33
in,5,1,0,0,6,9
Hebron,2,1,1,0,30,7
.,9,1,0,0,5,5
