Russian,3,1,1,0,90,15
television,2,1,0,0,77,7
showed,1,1,0,0,63,6
a,7,1,0,0,10,16
brief,2,1,0,0,68,1
clip,2,1,0,0,95,151
of,5,1,0,0,8,13
Boris,2,1,1,0,61,31
Yeltsin,2,1,1,0,94,9
on,5,1,0,0,16,7
Thursday,2,1,1,0,3,24
;,9,1,0,0,4,4
with,5,1,0,0,25,32
the,7,1,0,0,3,3
president,2,1,0,0,24,25
laughing,1,1,0,0,57,11
and,10,1,0,0,9,10
smiling,1,1,0,0,1,11
as,5,1,0,0,66,21
he,6,1,0,0,30,3
spoke,1,1,0,0,85,92
to,10,1,0,0,7,12
nominee,2,1,0,0,40,88
health,2,1,0,0,30,32
minister,2,1,0,0,33,8
Tatyana,2,1,1,0,78,85
Dmitrieva,2,1,1,0,1,174
.,9,1,0,0,5,5
