The,7,1,1,0,3,3
African,2,1,1,0,79,15
Football,2,1,1,0,18,38
Confederation,2,1,1,0,11,7
(,9,1,0,0,13,17
CAF,2,1,1,1,38,1
),9,1,0,0,14,18
on,5,1,0,0,16,7
Wednesday,2,1,1,0,27,24
formally,4,1,0,0,18,36
confirmed,1,1,0,0,11,6
Burundi,2,1,1,0,58,1
's,10,1,0,0,32,35
disqualification,2,1,0,0,54,7
from,5,1,0,0,29,54
the,7,1,0,0,3,3
African,2,1,1,0,79,15
Nations,2,1,1,0,102,40
Cup,2,1,1,0,113,68
following,1,1,0,0,18,11
the,7,1,0,0,3,3
team,2,1,0,0,77,89
's,10,1,0,0,32,35
inability,2,1,0,0,6,59
to,10,1,0,0,7,12
travel,1,1,0,0,67,80
for,5,1,0,0,18,30
a,7,1,0,0,10,16
qualifier,3,1,0,0,126,8
against,5,1,0,0,91,19
Central,2,1,1,0,122,23
African,2,1,1,0,79,15
Republic,2,1,1,0,15,71
.,9,1,0,0,5,5
