",9,1,0,0,21,28
There,10,1,1,0,3,22
was,1,1,0,0,26,21
some,7,1,0,0,50,47
profit-taking,2,1,0,0,24,11
early,4,1,0,0,119,36
on,5,1,0,0,16,7
;,9,1,0,0,4,4
and,10,1,0,0,9,10
it,6,1,0,0,47,46
's,1,1,0,0,32,35
just,4,1,0,0,105,19
sitting,1,1,0,0,73,11
there,4,1,0,0,3,22
;,9,1,0,0,4,4
",9,1,0,0,21,28
a,7,1,0,0,10,16
Texas,2,1,1,0,77,21
trader,2,1,0,0,67,8
said,1,1,0,0,12,27
of,5,1,0,0,8,13
heating,2,1,0,0,30,11
oil,2,1,0,0,1,95
's,10,1,0,0,32,35
and,10,1,0,0,9,10
gasoline,2,1,0,0,98,51
's,10,1,0,0,32,35
losses,2,1,0,0,59,14
.,9,1,0,0,5,5
