Investigators,2,1,1,0,6,34
arrested,1,1,0,0,53,6
a,7,1,0,0,10,16
senior,3,1,0,0,22,30
police,2,1,0,0,43,33
detective,2,1,0,0,28,41
on,5,1,0,0,16,7
Sunday,2,1,1,0,60,24
in,5,1,0,0,6,9
connection,2,1,0,0,11,7
with,5,1,0,0,25,32
their,6,1,0,0,3,84
inquiries,2,1,0,0,6,14
into,5,1,0,0,6,12
Belgium,2,1,1,0,17,127
's,10,1,0,0,32,35
child,2,1,0,0,42,37
sex,2,1,0,0,22,179
scandal,2,1,0,0,101,23
;,9,1,0,0,4,4
Public,2,1,1,0,143,71
Prosecutor,2,1,1,0,24,30
Michel,2,1,1,0,33,80
Bourlet,2,1,1,0,61,57
said,1,1,0,0,12,27
.,9,1,0,0,5,5
