The,7,1,1,0,3,3
English,3,1,1,0,92,83
language,2,1,0,0,57,77
SOUTH,2,1,1,1,50,32
CHINA,2,1,1,1,42,85
MORNING,2,1,1,1,37,11
POST,2,1,1,1,43,19
said,1,1,0,0,12,27
the,7,1,0,0,3,3
judiciary,2,1,0,0,105,53
needed,1,1,0,0,36,6
to,10,1,0,0,7,12
take,1,1,0,0,78,92
swift,3,1,0,0,167,165
and,10,1,0,0,9,10
decisive,3,1,0,0,28,41
action,2,1,0,0,112,7
in,5,1,0,0,6,9
investigating,1,1,0,0,6,11
the,7,1,0,0,3,3
allegations,2,1,0,0,55,40
that,5,1,0,0,3,20
a,7,1,0,0,10,16
judge,2,1,0,0,105,77
had,1,1,0,0,19,52
been,1,1,0,0,17,26
subjected,1,1,0,0,60,6
to,10,1,0,0,7,12
pressure,2,1,0,0,24,22
in,5,1,0,0,6,9
a,7,1,0,0,10,16
New,2,1,1,0,36,73
Zealand,2,1,1,0,1,10
immigration,2,1,0,0,153,7
case,2,1,0,0,38,48
involving,1,1,0,0,6,11
allegations,2,1,0,0,55,40
of,5,1,0,0,8,13
fraud,2,1,0,0,29,1
.,9,1,0,0,5,5
