",9,1,0,0,21,28
I,6,1,1,1,135,107
realise,1,1,0,0,15,48
there,10,1,0,0,3,22
are,1,1,0,0,53,22
negative,3,1,0,0,36,41
views,2,1,0,0,103,150
in,5,1,0,0,6,9
the,7,1,0,0,3,3
markets,2,1,0,0,20,29
about,5,1,0,0,121,43
the,7,1,0,0,3,3
impact,2,1,0,0,153,100
of,5,1,0,0,8,13
the,7,1,0,0,3,3
consumption,2,1,0,0,11,7
tax,2,1,0,0,78,1
hike,2,1,0,0,51,92
and,10,1,0,0,9,10
drop,2,1,0,0,132,187
in,5,1,0,0,6,9
public,3,1,0,0,143,71
spending,2,1,0,0,85,11
;,9,1,0,0,4,4
but,10,1,0,0,58,43
the,7,1,0,0,3,3
markets,2,1,0,0,20,29
appear,1,1,0,0,161,55
to,10,1,0,0,7,12
be,1,1,0,0,17,78
exaggerating,1,1,0,0,89,11
the,7,1,0,0,3,3
magnitude,2,1,0,0,20,74
of,5,1,0,0,8,13
the,7,1,0,0,3,3
negative,3,1,0,0,36,41
impact,2,1,0,0,153,100
;,9,1,0,0,4,4
",9,1,0,0,21,28
a,7,1,0,0,10,16
senior,3,1,0,0,22,30
BOJ,2,1,1,1,61,1
official,2,1,0,0,8,23
told,1,1,0,0,7,37
Reuters,2,1,1,0,15,34
on,5,1,0,0,16,7
Friday,2,1,1,0,29,24
.,9,1,0,0,5,5
