The,7,1,1,0,3,3
premier,3,1,0,0,24,8
;,9,1,0,0,4,4
who,6,1,0,0,35,90
is,1,1,0,0,56,31
due,3,1,0,0,124,86
to,10,1,0,0,7,12
meet,1,1,0,0,64,57
his,6,1,0,0,51,31
Turkish,3,1,1,0,137,83
counterpart,2,1,0,0,11,67
Necmettin,2,1,1,0,36,9
Erbakan,2,1,1,0,1,15
on,5,1,0,0,16,7
Tuesday,2,1,1,0,137,24
;,9,1,0,0,4,4
will,10,1,0,0,25,38
also,4,1,0,0,55,114
be,1,1,0,0,17,78
discussing,1,1,0,0,54,11
the,7,1,0,0,3,3
postponed,1,1,0,0,43,6
Bosnian,3,1,1,0,61,15
elections,2,1,0,0,149,40
;,9,1,0,0,4,4
a,7,1,0,0,10,16
foreign,3,1,0,0,18,156
ministry,2,1,0,0,33,53
official,2,1,0,0,8,23
said,1,1,0,0,12,27
.,9,1,0,0,5,5
