Havel,2,1,1,0,19,80
;,9,1,0,0,4,4
who,6,1,0,0,35,90
helped,1,1,0,0,30,6
lead,1,1,0,0,48,52
the,7,1,0,0,3,3
",9,1,0,0,21,28
velvet,2,1,0,0,157,57
revolution,2,1,0,0,15,7
",9,1,0,0,21,28
that,5,1,0,0,3,20
ousted,3,1,0,0,100,6
the,7,1,0,0,3,3
Communist,2,1,1,0,11,19
regime,2,1,0,0,15,47
in,5,1,0,0,6,9
Prague,2,1,1,0,24,86
in,5,1,0,0,6,9
1989,8,1,0,0,31,1
;,9,1,0,0,4,4
invited,1,1,0,0,6,6
Albright,2,1,1,0,55,81
;,9,1,0,0,4,4
then,4,1,0,0,3,26
working,1,1,0,0,49,11
for,5,1,0,0,18,30
a,7,1,0,0,10,16
private,3,1,0,0,24,50
foreign,3,1,0,0,18,156
policy,2,1,0,0,43,135
think,1,1,0,0,3,119
tank,2,1,0,0,78,119
;,9,1,0,0,4,4
to,10,1,0,0,7,12
advise,1,1,0,0,128,48
his,6,1,0,0,51,31
new,3,1,0,0,36,73
democratic,3,1,0,0,28,71
government,2,1,0,0,71,25
in,5,1,0,0,6,9
1990,8,1,0,0,31,1
.,9,1,0,0,5,5
