On,5,1,1,0,16,7
Thursday,2,1,1,0,3,24
the,7,1,0,0,3,3
Yugoslav,2,1,1,0,1,1
government,2,1,0,0,71,25
endorsed,1,1,0,0,92,6
the,7,1,0,0,3,3
text,2,1,0,0,77,197
of,5,1,0,0,8,13
the,7,1,0,0,3,3
agreement,2,1,0,0,91,25
on,5,1,0,0,16,7
normalising,1,1,0,0,40,11
relations,2,1,0,0,15,40
between,5,1,0,0,17,26
the,7,1,0,0,3,3
two,8,1,0,0,104,99
countries,2,1,0,0,11,14
;,9,1,0,0,4,4
the,7,1,0,0,3,3
Yugoslav,3,1,1,0,1,1
news,2,1,0,0,36,150
agency,2,1,0,0,91,135
Tanjug,2,1,1,0,78,1
said,1,1,0,0,12,27
.,9,1,0,0,5,5
