He,6,1,1,0,30,3
says,1,1,0,0,12,142
the,7,1,0,0,3,3
damage,2,1,0,0,87,77
comes,1,1,0,0,11,14
in,5,1,0,0,6,9
two,8,1,0,0,104,99
forms,2,1,0,0,18,122
:,9,1,0,0,84,69
",9,1,0,0,21,28
Tangible,3,1,1,0,78,39
--,9,1,0,0,130,106
in,5,1,0,0,6,9
the,7,1,0,0,3,3
form,2,1,0,0,18,159
of,5,1,0,0,8,13
extra,3,1,0,0,89,121
costs,2,1,0,0,11,29
;,9,1,0,0,4,4
additional,3,1,0,0,128,23
security,2,1,0,0,22,59
;,9,1,0,0,4,4
threats,2,1,0,0,3,29
to,10,1,0,0,7,12
staff,2,1,0,0,23,129
and,10,1,0,0,9,10
the,7,1,0,0,3,3
more,3,1,0,0,37,22
intangible,3,1,0,0,6,39
damage,2,1,0,0,87,77
caused,1,1,0,0,38,6
by,5,1,0,0,75,61
negative,3,1,0,0,36,41
publicity,2,1,0,0,143,59
.,9,1,0,0,5,5
",9,1,0,0,21,28
