",9,1,0,0,21,28
Unless,5,1,1,0,70,75
she,6,1,0,0,63,3
breathes,2,1,0,0,68,14
on,5,1,0,0,16,7
her,6,1,0,0,30,8
own,3,1,0,0,1,96
;,9,1,0,0,4,4
I,6,1,1,1,135,107
would,10,1,0,0,49,37
advise,1,1,0,0,128,48
you,6,1,0,0,133,1
to,10,1,0,0,7,12
keep,1,1,0,0,165,1
your,6,1,0,0,133,101
fingers,2,1,0,0,39,34
crossed,1,1,0,0,106,6
;,9,1,0,0,4,4
",9,1,0,0,21,28
said,1,1,0,0,12,27
a,7,1,0,0,10,16
doctor,2,1,0,0,83,30
who,6,1,0,0,35,90
was,1,1,0,0,26,21
familiar,3,1,0,0,97,55
with,5,1,0,0,25,32
her,6,1,0,0,30,8
case,2,1,0,0,38,48
but,10,1,0,0,58,43
not,4,1,0,0,40,64
part,2,1,0,0,41,67
of,5,1,0,0,8,13
the,7,1,0,0,3,3
six-member,3,1,0,0,73,8
team,2,1,0,0,77,89
treating,1,1,0,0,67,11
Mother,2,1,1,0,37,8
Teresa,2,1,1,0,77,1
.,9,1,0,0,5,5
