",9,1,0,0,21,28
It,6,1,1,0,47,46
's,1,1,0,0,32,35
not,4,1,0,0,40,64
something,2,1,0,0,50,11
I,6,1,1,1,135,107
'm,1,1,0,0,1,1
going,1,1,0,0,71,11
to,10,1,0,0,7,12
try,1,1,0,0,67,53
to,10,1,0,0,7,12
explain,1,1,0,0,89,9
;,9,1,0,0,4,4
",9,1,0,0,21,28
said,1,1,0,0,12,27
Texas,2,1,1,0,77,21
manager,2,1,0,0,20,8
Johnny,2,1,1,0,118,79
Oates,2,1,1,0,1,14
about,5,1,0,0,121,43
his,6,1,0,0,51,31
team,2,1,0,0,77,89
winning,1,1,0,0,25,11
seven,8,1,0,0,22,26
of,5,1,0,0,8,13
the,7,1,0,0,3,3
10,8,1,0,0,93,111
meetings,2,1,0,0,64,104
from,5,1,0,0,29,54
Cleveland,2,1,1,0,95,10
this,7,1,0,0,3,31
season,2,1,0,0,22,7
.,9,1,0,0,5,5
