The,7,1,1,0,3,3
nominees,2,1,0,0,40,14
;,9,1,0,0,4,4
according,1,1,0,0,112,11
to,10,1,0,0,7,12
diplomats,2,1,0,0,54,29
;,9,1,0,0,4,4
are,1,1,0,0,53,22
:,9,1,0,0,84,69
Kofi,2,1,1,0,169,1
Annan,2,1,1,0,9,15
of,5,1,0,0,8,13
Ghana,2,1,1,0,1,85
;,9,1,0,0,4,4
the,7,1,0,0,3,3
U.N.,2,1,1,0,111,1
undersecretary-general,2,1,0,0,70,23
for,5,1,0,0,18,30
peacekeeping,2,1,0,0,52,11
;,9,1,0,0,1,1
Ahmedou,2,1,1,0,1,1
Ould,2,1,1,0,100,37
Abdallah,2,1,1,0,121,1
of,5,1,0,0,8,13
Mauritania,2,1,1,0,20,49
;,9,1,0,0,4,4
the,7,1,0,0,3,3
former,3,1,0,0,18,8
U.N.,2,1,1,0,111,1
special,3,1,0,0,85,23
envoy,2,1,0,0,92,1
for,5,1,0,0,18,30
Burundi,2,1,1,0,58,1
;,9,1,0,0,1,1
Amara,2,1,1,0,138,121
Essy,2,1,1,0,184,1
of,5,1,0,0,8,13
the,7,1,0,0,3,3
Ivory,2,1,1,0,1,53
Coast,2,1,1,0,11,19
;,9,1,0,0,4,4
its,6,1,0,0,47,29
foreign,3,1,0,0,18,156
minister,2,1,0,0,33,8
and,10,1,0,0,9,10
the,7,1,0,0,3,3
U.N.,2,1,1,0,111,1
General,2,1,1,0,99,23
Assembly,2,1,1,0,66,36
president,2,1,0,0,24,25
in,5,1,0,0,6,9
1994-95,8,1,0,0,31,193
;,9,1,0,0,1,1
and,10,1,0,0,9,10
Hamid,2,1,1,0,19,27
Algabid,2,1,1,0,55,27
of,5,1,0,0,8,13
Niger,2,1,1,0,145,8
;,9,1,0,0,4,4
the,7,1,0,0,3,3
secretary-general,2,1,0,0,22,23
of,5,1,0,0,8,13
the,7,1,0,0,3,3
Organisation,2,1,1,0,116,7
of,5,1,0,0,8,13
the,7,1,0,0,3,3
Islamic,2,1,1,0,56,71
Conference,2,1,1,0,11,33
.,9,1,0,0,5,5
