",9,1,0,0,21,28
I,6,1,1,1,135,107
know,1,1,0,0,1,91
what,6,1,0,0,35,20
I,6,1,1,1,135,107
'm,1,1,0,0,1,1
here,4,1,0,0,30,22
for,5,1,0,0,18,30
;,9,1,0,0,4,4
",9,1,0,0,21,28
said,1,1,0,0,12,27
Medvedev,2,1,1,0,64,1
;,9,1,0,0,4,4
who,6,1,0,0,35,90
lost,1,1,0,0,59,19
in,5,1,0,0,6,9
the,7,1,0,0,3,3
second,3,1,0,0,22,10
round,2,1,0,0,80,10
of,5,1,0,0,8,13
the,7,1,0,0,3,3
Open,2,1,1,0,117,26
the,7,1,0,0,3,3
last,3,1,0,0,57,19
two,8,1,0,0,104,99
years,2,1,0,0,94,34
after,5,1,0,0,79,8
reaching,1,1,0,0,15,11
the,7,1,0,0,3,3
quarters,2,1,0,0,126,34
in,5,1,0,0,6,9
1993,8,1,0,0,31,1
;,9,1,0,0,4,4
the,7,1,0,0,3,3
same,3,1,0,0,12,47
year,2,1,0,0,94,55
he,6,1,0,0,30,3
tried,1,1,0,0,67,6
his,6,1,0,0,51,31
hand,2,1,0,0,19,10
as,5,1,0,0,66,21
a,7,1,0,0,10,16
restaurant,2,1,0,0,15,25
critic,2,1,0,0,106,71
.,9,1,0,0,5,5
