Afghan,2,1,1,0,79,15
Deputy,2,1,1,0,28,59
Prime,2,1,1,0,24,47
Minister,2,1,1,0,33,8
Qotbuddin,2,1,1,0,1,9
Hilal,2,1,1,0,51,23
officiated,1,1,0,0,8,6
at,5,1,0,0,34,20
the,7,1,0,0,3,3
reopening,1,1,0,0,15,11
ceremony,2,1,0,0,122,79
;,9,1,0,0,4,4
which,7,1,0,0,35,44
was,1,1,0,0,26,21
delayed,1,1,0,0,28,6
by,5,1,0,0,75,61
several,3,1,0,0,22,23
hours,2,1,0,0,65,34
while,5,1,0,0,35,39
the,7,1,0,0,3,3
two,8,1,0,0,104,99
sides,2,1,0,0,73,14
argued,1,1,0,0,53,6
about,4,1,0,0,121,43
a,7,1,0,0,10,16
mutual,3,1,0,0,136,23
release,2,1,0,0,15,48
of,5,1,0,0,8,13
prisoners,2,1,0,0,24,34
.,9,1,0,0,5,5
