Hong,2,1,1,0,65,11
Kong,2,1,1,0,169,11
Financial,2,1,1,0,39,23
Secretary,2,1,1,0,22,53
Donald,2,1,1,0,83,37
Tsang,2,1,1,0,1,11
said,1,1,0,0,12,27
on,5,1,0,0,16,7
Friday,2,1,1,0,29,24
that,5,1,0,0,3,20
the,7,1,0,0,3,3
territory,2,1,0,0,77,53
had,1,1,0,0,19,52
the,7,1,0,0,3,3
",9,1,0,0,21,28
infrastructural,3,1,0,0,6,23
hardware,2,1,0,0,19,22
",9,1,0,0,21,28
to,10,1,0,0,7,12
make,1,1,0,0,20,92
a,7,1,0,0,10,16
success,2,1,0,0,60,75
of,5,1,0,0,8,13
its,6,1,0,0,47,29
future,3,1,0,0,152,22
under,5,1,0,0,70,8
Chinese,3,1,1,0,42,48
sovereignty,2,1,0,0,50,59
from,5,1,0,0,29,54
mid-1997,2,1,0,0,33,1
.,9,1,0,0,5,5
