",9,1,0,0,21,28
The,7,1,1,0,3,3
Iraqi,3,1,1,0,144,1
regime,2,1,0,0,15,47
has,1,1,0,0,19,21
started,1,1,0,0,23,6
threatening,1,1,0,0,3,11
the,7,1,0,0,3,3
Kurdish,3,1,1,0,1,83
population,2,1,0,0,43,7
by,5,1,0,0,75,61
massing,1,1,0,0,20,11
troops,2,1,0,0,67,130
in,5,1,0,0,6,9
preparation,2,1,0,0,24,7
to,10,1,0,0,7,12
attack,1,1,0,0,34,82
Kurdish,3,1,1,0,1,83
towns,2,1,0,0,7,40
and,10,1,0,0,9,10
population,2,1,0,0,43,7
centres,2,1,0,0,122,14
;,9,1,0,0,4,4
",9,1,0,0,21,28
the,7,1,0,0,3,3
Patriotic,2,1,1,0,41,71
Union,2,1,1,0,70,7
of,5,1,0,0,8,13
Kurdistan,2,1,1,0,1,15
(,9,1,0,0,13,17
PUK,2,1,1,1,143,1
),9,1,0,0,14,18
said,1,1,0,0,12,27
in,5,1,0,0,6,9
a,7,1,0,0,10,16
statement,2,1,0,0,23,25
.,9,1,0,0,5,5
