",9,1,0,0,21,28
We,6,1,1,0,27,110
have,1,1,0,0,19,41
been,1,1,0,0,17,26
seeking,1,1,0,0,22,11
to,10,1,0,0,7,12
double,1,1,0,0,83,39
our,6,1,0,0,100,101
profits,2,1,0,0,24,29
(,9,1,0,0,13,17
during,5,1,0,0,124,11
the,7,1,0,0,3,3
period,2,1,0,0,52,157
),9,1,0,0,14,18
and,10,1,0,0,9,10
we,6,1,0,0,27,110
are,1,1,0,0,53,22
confident,3,1,0,0,11,25
of,5,1,0,0,8,13
doing,1,1,0,0,83,11
so,4,1,0,0,50,114
;,9,1,0,0,4,4
",9,1,0,0,21,28
VW,2,1,1,1,1,1
chief,3,1,0,0,42,1
financial,3,1,0,0,39,23
officer,2,1,0,0,8,8
Bruno,2,1,1,0,68,117
Adelt,2,1,1,0,128,182
told,1,1,0,0,7,37
a,7,1,0,0,10,16
briefing,2,1,0,0,68,11
as,5,1,0,0,66,21
part,2,1,0,0,41,67
of,5,1,0,0,8,13
the,7,1,0,0,3,3
formal,3,1,0,0,18,23
introduction,2,1,0,0,6,7
of,5,1,0,0,8,13
the,7,1,0,0,3,3
new,3,1,0,0,36,73
VW,2,1,1,1,1,1
Passat,2,1,1,0,41,20
sedan,2,1,0,0,22,15
.,9,1,0,0,5,5
