",9,1,0,0,21,28
Their,6,1,1,0,3,84
qualities,2,1,0,0,126,14
are,1,1,0,0,53,22
well,4,1,0,0,27,38
known,1,1,0,0,1,96
to,10,1,0,0,7,12
the,7,1,0,0,3,3
selectors,2,1,0,0,22,34
and,10,1,0,0,9,10
they,6,1,0,0,3,65
will,10,1,0,0,25,38
;,9,1,0,0,4,4
of,5,1,0,0,8,13
course,2,1,0,0,11,48
;,9,1,0,0,4,4
be,1,1,0,0,17,78
considered,1,1,0,0,11,6
when,4,1,0,0,35,26
the,7,1,0,0,3,3
season,2,1,0,0,22,7
gets,1,1,0,0,99,29
underway,4,1,0,0,70,24
;,9,1,0,0,4,4
",9,1,0,0,21,28
the,7,1,0,0,3,3
Rugby,2,1,1,0,90,61
Football,2,1,1,0,18,38
Union,2,1,1,0,70,7
said,1,1,0,0,12,27
in,5,1,0,0,6,9
a,7,1,0,0,10,16
statement,2,1,0,0,23,25
on,5,1,0,0,16,7
Wednesday,2,1,1,0,27,24
.,9,1,0,0,5,5
