",9,1,0,0,21,28
Under,5,1,1,0,70,8
the,7,1,0,0,3,3
law,2,1,0,0,57,183
before,5,1,0,0,17,22
launching,1,1,0,0,57,11
the,7,1,0,0,3,3
strike,2,1,0,0,23,92
we,6,1,0,0,27,110
have,1,1,0,0,19,41
to,10,1,0,0,7,12
sign,1,1,0,0,73,156
an,7,1,0,0,9,15
agreement,2,1,0,0,91,25
with,5,1,0,0,25,32
our,6,1,0,0,100,101
employer,2,1,0,0,196,8
for,5,1,0,0,18,30
a,7,1,0,0,10,16
minimal,3,1,0,0,33,23
transport,2,1,0,0,67,67
servicing,2,1,0,0,22,11
of,5,1,0,0,8,13
emergency,2,1,0,0,196,135
flights,2,1,0,0,154,29
;,9,1,0,0,4,4
",9,1,0,0,21,28
Raichev,2,1,1,0,82,1
said,1,1,0,0,12,27
.,9,1,0,0,5,5
