One,8,1,1,0,16,51
diplomat,2,1,0,0,54,20
said,1,1,0,0,12,27
Iraq,2,1,1,0,144,1
and,10,1,0,0,9,10
U.N.,2,1,1,0,111,1
were,1,1,0,0,27,22
still,4,1,0,0,23,38
in,5,1,0,0,6,9
disagreement,2,1,0,0,54,25
on,5,1,0,0,16,7
how,4,1,0,0,65,91
many,3,1,0,0,20,79
international,3,1,0,0,6,23
observers,2,1,0,0,1,34
would,10,1,0,0,49,37
be,1,1,0,0,17,78
required,1,1,0,0,15,6
to,10,1,0,0,7,12
ascertain,1,1,0,0,66,9
the,7,1,0,0,3,3
equitable,3,1,0,0,1,39
distribution,2,1,0,0,54,7
of,5,1,0,0,8,13
humanitarian,3,1,0,0,150,15
supplies,2,1,0,0,60,14
that,7,1,0,0,3,20
will,10,1,0,0,25,38
be,1,1,0,0,17,78
procured,1,1,0,0,24,6
under,5,1,0,0,70,8
Baghdad,2,1,1,0,46,52
's,10,1,0,0,32,35
oil,2,1,0,0,1,95
deal,2,1,0,0,28,23
with,5,1,0,0,25,32
U.N,2,1,1,0,111,1
.,9,1,0,0,5,5
