But,10,1,1,0,58,43
Lebanese,3,1,1,0,48,48
political,3,1,0,0,43,23
analysts,2,1,0,0,9,29
have,1,1,0,0,19,41
said,1,1,0,0,12,27
that,7,1,0,0,3,20
would,10,1,0,0,49,37
be,1,1,0,0,17,78
out,5,1,0,0,100,43
of,5,1,0,0,8,13
the,7,1,0,0,3,3
question,2,1,0,0,126,7
and,10,1,0,0,9,10
Lebanese,3,1,1,0,48,48
authorities,2,1,0,0,96,14
pre-empted,1,1,0,0,24,6
the,7,1,0,0,3,3
issue,2,1,0,0,56,86
by,5,1,0,0,75,61
taking,1,1,0,0,78,11
legal,3,1,0,0,48,23
action,2,1,0,0,112,7
against,5,1,0,0,91,19
Lahd,2,1,1,0,57,1
.,9,1,0,0,5,5
