",9,1,0,0,21,28
This,7,1,1,0,3,31
is,1,1,0,0,56,31
really,4,1,0,0,15,36
positive,3,1,0,0,43,41
news,2,1,0,0,36,150
for,5,1,0,0,18,30
Pirelli,2,1,1,0,172,167
;,9,1,0,0,4,4
and,10,1,0,0,9,10
I,6,1,1,1,135,107
expect,1,1,0,0,89,100
that,5,1,0,0,3,20
it,6,1,0,0,47,46
will,10,1,0,0,25,38
produce,1,1,0,0,24,33
one,8,1,0,0,16,51
of,5,1,0,0,8,13
the,7,1,0,0,3,3
best,3,1,0,0,17,19
half-year,3,1,0,0,19,55
results,2,1,0,0,15,29
in,5,1,0,0,6,9
late,3,1,0,0,57,50
September,2,1,1,0,22,8
compared,1,1,0,0,11,6
to,10,1,0,0,7,12
other,3,1,0,0,178,8
industrial,3,1,0,0,6,23
Italian,3,1,1,0,47,15
companies,2,1,0,0,11,14
;,9,1,0,0,4,4
",9,1,0,0,21,28
said,1,1,0,0,12,27
analyst,2,1,0,0,9,19
Paula,2,1,1,0,41,137
Buratti,2,1,1,0,58,1
at,5,1,0,0,34,20
Indosuez,2,1,1,0,6,1
.,9,1,0,0,5,5
