The,7,1,1,0,3,3
fishing,2,1,0,0,39,11
boat,2,1,0,0,61,20
sank,1,1,0,0,12,119
and,10,1,0,0,9,10
its,6,1,0,0,47,29
entire,3,1,0,0,92,22
crew,2,1,0,0,106,73
was,1,1,0,0,26,21
missing,1,1,0,0,33,11
after,5,1,0,0,79,8
a,7,1,0,0,10,16
collision,2,1,0,0,11,7
with,5,1,0,0,25,32
the,7,1,0,0,3,3
",9,1,0,0,21,28
Tiantan,2,1,1,0,107,15
",9,1,0,0,21,28
liner,2,1,0,0,86,8
off,5,1,0,0,8,129
the,7,1,0,0,3,3
port,2,1,0,0,43,67
of,5,1,0,0,8,13
Dalian,3,1,1,0,87,15
early,3,1,0,0,119,36
on,5,1,0,0,16,7
Monday,2,1,1,0,37,24
;,9,1,0,0,4,4
the,7,1,0,0,3,3
report,2,1,0,0,15,67
said,1,1,0,0,12,27
.,9,1,0,0,5,5
