Oklahoma,2,1,1,0,1,1
's,10,1,0,0,32,35
Agricultural,2,1,1,0,91,23
Statistics,2,1,1,0,23,1
Service,2,1,1,0,22,33
showed,1,1,0,0,63,6
similar,3,1,0,0,73,55
conditions,2,1,0,0,11,40
;,9,1,0,0,4,4
rating,2,1,0,0,82,11
topsoil,2,1,0,0,7,95
moisture,2,1,0,0,37,22
levels,2,1,0,0,48,66
as,5,1,0,0,66,21
seven,8,1,0,0,22,26
percent,2,1,0,0,52,25
surplus,2,1,0,0,60,94
;,9,1,0,0,4,4
81,8,1,0,0,1,1
percent,2,1,0,0,52,25
adequate,3,1,0,0,128,50
and,10,1,0,0,9,10
12,8,1,0,0,140,128
percent,2,1,0,0,52,25
short,4,1,0,0,63,67
to,10,1,0,0,7,12
very,4,1,0,0,157,53
short,3,1,0,0,63,67
.,9,1,0,0,5,5
