Australia,2,1,1,0,96,49
bade,1,1,0,0,46,74
farewell,2,1,0,0,97,38
to,10,1,0,0,7,12
David,2,1,1,0,87,27
Campese,2,1,1,0,38,48
in,5,1,0,0,6,9
spectacular,3,1,0,0,85,55
fashion,2,1,0,0,97,7
by,5,1,0,0,75,61
overwhelming,1,1,0,0,110,11
the,7,1,0,0,3,3
Barbarians,2,1,1,0,46,40
39-12,8,1,0,0,1,128
in,5,1,0,0,6,9
the,7,1,0,0,3,3
final,3,1,0,0,39,23
match,2,1,0,0,20,44
of,5,1,0,0,8,13
their,6,1,0,0,3,84
European,3,1,1,0,175,15
tour,2,1,0,0,7,101
at,5,1,0,0,34,20
Twickenham,2,1,1,0,104,89
on,5,1,0,0,16,7
Saturday,2,1,1,0,12,24
.,9,1,0,0,5,5
