Factory,2,1,1,0,97,53
orders,2,1,0,0,116,34
rose,1,1,0,0,80,48
in,5,1,0,0,6,9
July,2,1,1,0,105,36
and,10,1,0,0,9,10
manufacturing,2,1,0,0,20,11
surged,1,1,0,0,60,6
in,5,1,0,0,6,9
the,7,1,0,0,3,3
Midwest,2,1,1,0,33,19
in,5,1,0,0,6,9
August,2,1,1,0,96,19
;,9,1,0,0,4,4
reports,1,1,0,0,15,29
said,1,1,0,0,12,27
Friday,2,1,1,0,29,24
;,9,1,0,0,4,4
sparking,1,1,0,0,85,11
worries,2,1,0,0,49,14
about,5,1,0,0,121,43
inflation,2,1,0,0,6,7
that,7,1,0,0,3,20
battered,1,1,0,0,46,6
financial,3,1,0,0,39,23
markets,2,1,0,0,20,29
for,5,1,0,0,18,30
a,7,1,0,0,10,16
second,3,1,0,0,22,10
straight,3,1,0,0,23,81
day,2,1,0,0,87,24
.,9,1,0,0,5,5
