Russian,3,1,1,0,90,15
military,2,1,0,0,33,53
officials,2,1,0,0,8,66
have,1,1,0,0,19,41
expressed,1,1,0,0,89,6
fears,2,1,0,0,109,34
that,5,1,0,0,3,20
the,7,1,0,0,3,3
rebels,2,1,0,0,15,66
and,10,1,0,0,9,10
their,6,1,0,0,3,84
supporters,2,1,0,0,60,34
will,10,1,0,0,25,38
see,1,1,0,0,22,88
the,7,1,0,0,3,3
deal,2,1,0,0,28,23
signed,1,1,0,0,73,6
by,5,1,0,0,75,61
Russian,3,1,1,0,90,15
peace,2,1,0,0,52,33
envoy,2,1,0,0,92,1
Alexander,2,1,1,0,55,8
Lebed,2,1,1,0,48,6
in,5,1,0,0,6,9
the,7,1,0,0,3,3
early,3,1,0,0,119,36
hours,2,1,0,0,65,34
of,5,1,0,0,8,13
Saturday,2,1,1,0,12,24
as,5,1,0,0,66,21
a,7,1,0,0,10,16
military,3,1,0,0,33,53
victory,2,1,0,0,103,53
for,5,1,0,0,18,30
the,7,1,0,0,3,3
separatists,2,1,0,0,22,29
.,9,1,0,0,5,5
