",9,1,0,0,21,28
The,7,1,1,0,3,3
dollar,2,1,0,0,83,55
's,10,1,0,0,32,35
gains,2,1,0,0,98,40
were,1,1,0,0,27,22
less,3,1,0,0,48,75
than,5,1,0,0,3,15
spectacular,3,1,0,0,85,55
;,9,1,0,0,4,4
suggesting,1,1,0,0,60,11
that,5,1,0,0,3,20
while,5,1,0,0,35,39
it,6,1,0,0,47,46
's,1,1,0,0,32,35
likely,3,1,0,0,86,36
to,10,1,0,0,7,12
benefit,1,1,0,0,17,46
from,5,1,0,0,29,54
revised,1,1,0,0,15,6
Japanese,2,1,1,0,114,48
rate,2,1,0,0,82,50
expectations,2,1,0,0,89,40
;,9,1,0,0,4,4
a,7,1,0,0,10,16
breakout,2,1,0,0,68,43
from,5,1,0,0,29,54
the,7,1,0,0,3,3
established,1,1,0,0,184,6
trading,2,1,0,0,67,11
range,2,1,0,0,82,77
does,1,1,0,0,83,14
n't,4,1,0,0,1,1
appear,1,1,0,0,161,55
likely,3,1,0,0,86,36
;,9,1,0,0,4,4
",9,1,0,0,21,28
said,1,1,0,0,12,27
currency,2,1,0,0,113,135
economist,2,1,0,0,1,19
Klaus,2,1,1,0,1,94
Baader,2,1,1,0,46,8
.,9,1,0,0,5,5
