",9,1,0,0,21,28
Egypt,2,1,1,0,1,194
will,10,1,0,0,25,38
contact,1,1,0,0,11,100
the,7,1,0,0,3,3
British,3,1,1,0,68,83
government,2,1,0,0,71,25
to,10,1,0,0,7,12
find,1,1,0,0,39,10
out,10,1,0,0,100,43
the,7,1,0,0,3,3
truth,2,1,0,0,67,32
of,5,1,0,0,8,13
the,7,1,0,0,3,3
matter,2,1,0,0,20,8
and,10,1,0,0,9,10
to,10,1,0,0,7,12
discuss,1,1,0,0,54,75
the,7,1,0,0,3,3
possible,3,1,0,0,43,39
consequences,2,1,0,0,11,14
of,5,1,0,0,8,13
such,3,1,0,0,60,44
an,7,1,0,0,9,15
unfortunate,3,1,0,0,70,50
step,2,1,0,0,23,1
;,9,1,0,0,4,4
",9,1,0,0,21,28
he,6,1,0,0,30,3
added,1,1,0,0,128,6
.,9,1,0,0,5,5
