",9,1,0,0,21,28
They,6,1,1,0,3,65
asked,1,1,0,0,66,6
me,6,1,0,0,64,47
what,6,1,0,0,35,20
would,10,1,0,0,49,37
be,1,1,0,0,17,78
the,7,1,0,0,3,3
first,3,1,0,0,39,19
thing,2,1,0,0,3,11
I,6,1,1,1,135,107
would,10,1,0,0,49,37
do,1,1,0,0,83,136
if,5,1,0,0,194,173
I,6,1,1,1,135,107
were,1,1,0,0,27,22
president,2,1,0,0,24,25
;,9,1,0,0,4,4
and,10,1,0,0,9,10
I,6,1,1,1,135,107
said,1,1,0,0,12,27
the,7,1,0,0,3,3
first,3,1,0,0,39,19
thing,2,1,0,0,3,11
I,6,1,1,1,135,107
would,10,1,0,0,49,37
do,1,1,0,0,83,136
would,10,1,0,0,49,37
be,1,1,0,0,17,78
to,10,1,0,0,7,12
resign,1,1,0,0,15,156
straight,4,1,0,0,23,81
away,4,1,0,0,1,24
;,9,1,0,0,4,4
",9,1,0,0,21,28
Archbishop,2,1,1,0,53,187
Antonio,2,1,1,0,9,184
Quarracino,2,1,1,0,126,117
said,1,1,0,0,12,27
at,5,1,0,0,34,20
a,7,1,0,0,10,16
sermon,2,1,0,0,22,7
attended,1,1,0,0,34,6
by,5,1,0,0,75,61
several,3,1,0,0,22,23
cabinet,2,1,0,0,38,57
ministers,2,1,0,0,33,34
.,9,1,0,0,5,5
