The,7,1,1,0,3,3
EU,2,1,1,1,175,1
's,10,1,0,0,32,35
scientific,3,1,0,0,101,71
veterinary,3,1,0,0,157,53
and,10,1,0,0,9,10
multidisciplinary,3,1,0,0,136,53
committees,2,1,0,0,11,14
are,1,1,0,0,53,22
due,3,1,0,0,124,86
to,10,1,0,0,7,12
re-examine,1,1,0,0,15,51
the,7,1,0,0,3,3
issue,2,1,0,0,56,86
early,4,1,0,0,119,36
next,3,1,0,0,36,197
month,2,1,0,0,37,32
and,10,1,0,0,9,10
make,1,1,0,0,20,92
recommendations,2,1,0,0,15,40
to,10,1,0,0,7,12
the,7,1,0,0,3,3
senior,3,1,0,0,22,30
veterinary,3,1,0,0,157,53
officials,2,1,0,0,8,66
.,9,1,0,0,5,5
