Lincoln,2,1,1,0,86,1
's,10,1,0,0,32,35
notation,2,1,0,0,40,7
on,5,1,0,0,16,7
the,7,1,0,0,3,3
letter,2,1,0,0,48,8
read,1,1,0,0,15,52
:,9,1,0,0,84,69
",9,1,0,0,21,28
If,5,1,1,0,194,173
his,6,1,0,0,51,31
colonel,2,1,0,0,11,80
will,10,1,0,0,25,38
say,1,1,0,0,12,24
in,5,1,0,0,6,9
writing,1,1,0,0,1,11
on,5,1,0,0,16,7
this,7,1,0,0,3,31
sheet,2,1,0,0,63,57
he,6,1,0,0,30,3
is,1,1,0,0,56,31
willing,3,1,0,0,25,11
to,10,1,0,0,7,12
receive,1,1,0,0,15,41
this,7,1,0,0,3,31
man,2,1,0,0,20,15
back,4,1,0,0,46,82
to,10,1,0,0,7,12
the,7,1,0,0,3,3
regiment,2,1,0,0,15,25
;,9,1,0,0,4,4
I,6,1,1,1,135,107
will,10,1,0,0,25,38
pardon,1,1,0,0,41,7
and,10,1,0,0,9,10
send,1,1,0,0,22,10
him,6,1,0,0,51,116
.,9,1,0,0,5,5
",9,1,0,0,21,28
