",9,1,0,0,21,28
I,6,1,1,1,135,107
still,4,1,0,0,23,38
think,1,1,0,0,3,119
we,6,1,0,0,27,110
'll,10,1,0,0,1,38
see,1,1,0,0,22,88
gold,3,1,0,0,71,37
at,5,1,0,0,34,20
$,9,1,0,0,129,105
395,8,1,0,0,1,193
by,5,1,0,0,75,61
the,7,1,0,0,3,3
end,2,1,0,0,92,10
of,5,1,0,0,8,13
October,2,1,1,0,1,8
;,9,1,0,0,4,4
in,5,1,0,0,6,9
a,7,1,0,0,10,16
retracement,2,1,0,0,15,25
of,5,1,0,0,8,13
the,7,1,0,0,3,3
$,9,1,0,0,129,105
418,8,1,0,0,1,1
-,9,1,0,0,44,42
$,9,1,0,0,129,105
380,8,1,0,0,1,1
move,2,1,0,0,37,41
we,6,1,0,0,27,110
saw,1,1,0,0,12,183
at,5,1,0,0,34,20
the,7,1,0,0,3,3
start,2,1,0,0,23,67
of,5,1,0,0,8,13
the,7,1,0,0,3,3
year,2,1,0,0,94,55
;,9,1,0,0,4,4
",9,1,0,0,21,28
one,8,1,0,0,16,51
said,1,1,0,0,12,27
.,9,1,0,0,5,5
