",9,1,0,0,21,28
Together,4,1,1,0,7,8
with,5,1,0,0,25,32
subsidiaries,2,1,0,0,60,14
OMLX,2,1,1,1,1,1
;,9,1,0,0,4,4
the,7,1,0,0,3,3
London,2,1,1,0,59,7
Securities,2,1,1,0,22,14
&,10,1,0,0,1,1
Derivatives,2,1,1,0,28,14
Exchange,2,1,1,0,89,77
and,10,1,0,0,9,10
OM,2,1,1,1,1,54
Stockholm,2,1,1,0,23,1
;,9,1,0,0,4,4
OM,2,1,1,1,1,54
Gruppen,2,1,1,0,81,26
will,10,1,0,0,25,38
open,1,1,0,0,117,26
an,7,1,0,0,9,15
international,3,1,0,0,6,23
electronic,3,1,0,0,149,71
bourse,2,1,0,0,61,48
for,5,1,0,0,18,30
forest,2,1,0,0,18,19
products,2,1,0,0,24,29
in,5,1,0,0,6,9
the,7,1,0,0,3,3
first,3,1,0,0,39,19
half,2,1,0,0,19,133
of,5,1,0,0,8,13
1997,8,1,0,0,31,1
;,9,1,0,0,4,4
",9,1,0,0,21,28
OM,2,1,1,1,1,54
Gruppen,2,1,1,0,81,26
said,1,1,0,0,12,27
in,5,1,0,0,6,9
a,7,1,0,0,10,16
statement,2,1,0,0,23,25
.,9,1,0,0,5,5
