",9,1,0,0,21,28
Mr,2,1,1,0,1,1
Bure,2,1,1,0,58,22
left,1,1,0,0,48,165
his,6,1,0,0,51,31
feet,2,1,0,0,109,57
to,10,1,0,0,7,12
deliver,1,1,0,0,28,8
a,7,1,0,0,10,16
forearm,2,1,0,0,18,159
blow,2,1,0,0,155,91
to,10,1,0,0,7,12
Mr,2,1,1,0,1,1
Galley,2,1,1,0,98,65
as,5,1,0,0,66,21
he,6,1,0,0,30,3
was,1,1,0,0,26,21
about,5,1,0,0,121,43
to,10,1,0,0,7,12
be,1,1,0,0,17,78
checked,1,1,0,0,42,6
legally,4,1,0,0,48,36
by,5,1,0,0,75,61
his,6,1,0,0,51,31
opponent,2,1,0,0,117,25
;,9,1,0,0,4,4
",9,1,0,0,21,28
said,1,1,0,0,12,27
NHL,2,1,1,1,1,1
discipline,2,1,0,0,54,51
chief,2,1,0,0,42,1
Brian,2,1,1,0,68,15
Burke,2,1,1,0,58,92
in,5,1,0,0,6,9
handing,1,1,0,0,19,11
out,10,1,0,0,100,43
the,7,1,0,0,3,3
suspension,2,1,0,0,60,7
.,9,1,0,0,5,5
