",9,1,0,0,21,28
The,7,1,1,0,3,3
fact,2,1,0,0,97,100
that,5,1,0,0,3,20
he,6,1,0,0,30,3
touched,1,1,0,0,7,6
on,5,1,0,0,16,7
the,7,1,0,0,3,3
issue,2,1,0,0,56,86
of,5,1,0,0,8,13
inflation,2,1,0,0,6,7
triggered,1,1,0,0,67,6
by,5,1,0,0,75,61
import,2,1,0,0,153,67
prices,2,1,0,0,24,14
shows,1,1,0,0,63,150
that,5,1,0,0,3,20
the,7,1,0,0,3,3
BOJ,2,1,1,1,61,1
does,1,1,0,0,83,14
not,4,1,0,0,40,64
want,1,1,0,0,26,25
a,7,1,0,0,10,16
further,3,1,0,0,152,8
depreciation,2,1,0,0,28,7
of,5,1,0,0,8,13
the,7,1,0,0,3,3
yen,2,1,0,0,94,26
;,9,1,0,0,4,4
past,5,1,0,0,41,19
115,8,1,0,0,134,124
yen,2,1,0,0,94,26
;,9,1,0,0,4,4
",9,1,0,0,21,28
said,1,1,0,0,12,27
Yasuhito,2,1,1,0,1,12
Kawashima,2,1,1,0,158,1
;,9,1,0,0,4,4
chief,3,1,0,0,42,1
forex,2,1,0,0,18,179
manager,2,1,0,0,20,8
at,5,1,0,0,34,20
Toyo,2,1,1,0,7,1
Trust,2,1,1,0,67,19
&,10,1,0,0,1,1
Banking,2,1,1,0,46,11
Co,2,1,1,0,11,147
.,9,1,0,0,5,5
