",9,1,0,0,21,28
Observation,2,1,1,0,1,7
of,5,1,0,0,8,13
food,2,1,0,0,18,157
supplies,2,1,0,0,60,14
and,10,1,0,0,9,10
their,6,1,0,0,3,84
distribution,2,1,0,0,54,7
are,1,1,0,0,53,22
still,4,1,0,0,23,38
a,7,1,0,0,10,16
major,3,1,0,0,20,30
issue,2,1,0,0,56,86
and,10,1,0,0,9,10
seems,1,1,0,0,22,122
the,7,1,0,0,3,3
two,8,1,0,0,104,99
sides,2,1,0,0,73,14
have,1,1,0,0,19,41
not,4,1,0,0,40,64
yet,4,1,0,0,94,57
filled,1,1,0,0,39,6
the,7,1,0,0,3,3
gap,2,1,0,0,98,1
separating,1,1,0,0,22,11
them,6,1,0,0,3,115
;,9,1,0,0,4,4
",9,1,0,0,21,28
said,1,1,0,0,12,27
another,7,1,0,0,9,8
diplomat,2,1,0,0,54,20
.,9,1,0,0,5,5
