PULPEX,2,1,1,1,143,179
will,10,1,0,0,25,38
be,1,1,0,0,17,78
both,7,1,0,0,61,32
a,7,1,0,0,10,16
marketplace,2,1,0,0,20,33
and,10,1,0,0,9,10
a,7,1,0,0,10,16
clearing,2,1,0,0,95,11
house,2,1,0,0,65,48
;,9,1,0,0,4,4
OM,2,1,1,1,1,54
said,1,1,0,0,12,27
;,9,1,0,0,4,4
adding,1,1,0,0,128,11
that,5,1,0,0,3,20
the,7,1,0,0,3,3
British,2,1,1,0,68,83
Securities,2,1,1,0,22,14
and,10,1,0,0,9,10
Investments,2,1,1,0,6,29
Board,2,1,1,0,61,76
had,1,1,0,0,19,52
been,1,1,0,0,17,26
informed,1,1,0,0,6,6
of,5,1,0,0,8,13
OM,2,1,1,1,1,54
's,10,1,0,0,32,35
plans,2,1,0,0,76,40
.,9,1,0,0,5,5
