",9,1,0,0,21,28
The,7,1,1,0,3,3
Constitutional,2,1,1,0,11,23
Rights,2,1,1,0,108,29
Project,2,1,1,0,24,100
(,9,1,0,0,13,17
CRP,2,1,1,1,106,1
),9,1,0,0,14,18
believes,1,1,0,0,17,14
that,5,1,0,0,3,20
William,2,1,1,0,25,89
Istafanus,2,1,1,0,56,94
;,9,1,0,0,4,4
Elisha,2,1,1,0,149,1
Shamay,2,1,1,0,63,24
;,9,1,0,0,4,4
O.K.,10,1,1,0,1,1
Likkason,2,1,1,0,86,7
and,10,1,0,0,9,10
Jerome,2,1,1,0,176,47
Egurugbe,2,1,1,0,1,78
were,1,1,0,0,27,22
arrested,1,1,0,0,53,6
because,5,1,0,0,17,48
of,5,1,0,0,8,13
their,6,1,0,0,3,84
role,2,1,0,0,80,39
in,5,1,0,0,6,9
the,7,1,0,0,3,3
ongoing,3,1,0,0,16,11
ASUU,2,1,1,1,66,1
(,9,1,0,0,13,17
Academic,2,1,1,0,112,71
Staff,2,1,1,0,23,129
Union,2,1,1,0,70,7
of,5,1,0,0,8,13
Universities,2,1,1,0,70,14
),9,1,0,0,14,18
strike,2,1,0,0,23,92
;,9,1,0,0,4,4
",9,1,0,0,21,28
the,7,1,0,0,3,3
group,2,1,0,0,81,68
said,1,1,0,0,12,27
in,5,1,0,0,6,9
a,7,1,0,0,10,16
statement,2,1,0,0,23,25
.,9,1,0,0,5,5
