",9,1,0,0,21,28
I,6,1,1,1,135,107
agree,1,1,0,0,91,88
...,9,1,0,0,1,1
that,5,1,0,0,3,20
without,5,1,0,0,25,43
suitable,3,1,0,0,60,39
undertakings,2,1,0,0,70,104
the,7,1,0,0,3,3
alliance,2,1,0,0,55,33
would,10,1,0,0,49,37
be,1,1,0,0,17,78
likely,3,1,0,0,86,36
to,10,1,0,0,7,12
lead,1,1,0,0,48,52
to,10,1,0,0,7,12
a,7,1,0,0,10,16
significant,3,1,0,0,73,25
loss,2,1,0,0,59,75
of,5,1,0,0,8,13
actual,3,1,0,0,112,23
and,10,1,0,0,9,10
potential,3,1,0,0,43,23
passengers,2,1,0,0,41,34
;,9,1,0,0,4,4
on,5,1,0,0,16,7
those,7,1,0,0,3,48
routes,2,1,0,0,80,14
where,4,1,0,0,35,22
BA,2,1,1,1,46,1
and,10,1,0,0,9,10
AA,2,1,1,1,1,1
currently,4,1,0,0,113,36
compete,1,1,0,0,11,50
and,10,1,0,0,9,10
for,5,1,0,0,18,30
all,7,1,0,0,55,38
passengers,2,1,0,0,41,34
on,5,1,0,0,16,7
the,7,1,0,0,3,3
trans-Atlantic,3,1,0,0,67,71
market,2,1,0,0,20,57
route,2,1,0,0,80,50
between,5,1,0,0,17,26
the,7,1,0,0,3,3
UK,2,1,1,1,1,1
and,10,1,0,0,9,10
U.S.,2,1,1,0,111,87
;,9,1,0,0,4,4
",9,1,0,0,21,28
he,6,1,0,0,30,3
said,1,1,0,0,12,27
.,9,1,0,0,5,5
