The,7,1,1,0,3,3
surprise,2,1,0,0,60,48
development,2,1,0,0,28,25
captivated,1,1,0,0,38,6
the,7,1,0,0,3,3
thousands,2,1,0,0,3,70
of,5,1,0,0,8,13
reporters,2,1,0,0,15,34
at,5,1,0,0,34,20
the,7,1,0,0,3,3
convention,2,1,0,0,11,7
and,10,1,0,0,9,10
clearly,4,1,0,0,95,36
worried,1,1,0,0,49,6
some,7,1,0,0,50,47
Democrats,2,1,1,0,28,29
;,9,1,0,0,4,4
who,6,1,0,0,35,90
had,1,1,0,0,19,52
planned,1,1,0,0,76,6
a,7,1,0,0,10,16
triumphal,3,1,0,0,67,23
celebration,2,1,0,0,122,7
of,5,1,0,0,8,13
Clinton,2,1,1,0,95,7
's,10,1,0,0,32,35
lead,2,1,0,0,48,52
over,5,1,0,0,110,8
Dole,2,1,1,0,83,39
in,5,1,0,0,6,9
the,7,1,0,0,3,3
opinion,2,1,0,0,117,7
polls,2,1,0,0,43,66
.,9,1,0,0,5,5
