",9,1,0,0,21,28
The,7,1,1,0,3,3
votes,2,1,0,0,171,14
are,1,1,0,0,53,22
a,7,1,0,0,10,16
strong,3,1,0,0,23,11
message,2,1,0,0,64,77
to,10,1,0,0,7,12
Meri,2,1,1,0,64,1
that,5,1,0,0,3,20
he,6,1,0,0,30,3
is,1,1,0,0,56,31
not,4,1,0,0,40,64
favoured,1,1,0,0,97,6
by,5,1,0,0,75,61
some,7,1,0,0,50,47
politicians,2,1,0,0,43,40
any,4,1,0,0,9,79
more,4,1,0,0,37,22
;,9,1,0,0,4,4
",9,1,0,0,21,28
Reform,2,1,1,0,15,159
Party,2,1,1,0,41,59
head,2,1,0,0,30,52
Heiki,2,1,1,0,30,1
Kranich,2,1,1,0,1,44
told,1,1,0,0,7,37
Reuters,2,1,1,0,15,34
.,9,1,0,0,5,5
