",9,1,0,0,21,28
But,10,1,1,0,58,43
before,5,1,0,0,17,22
going,1,1,0,0,71,11
;,9,1,0,0,4,4
I,6,1,1,1,135,107
would,10,1,0,0,49,37
have,1,1,0,0,19,41
big,3,1,0,0,127,1
signs,2,1,0,0,73,40
put,1,1,0,0,143,43
up,10,1,0,0,131,68
in,5,1,0,0,6,9
all,7,1,0,0,55,38
government,2,1,0,0,71,25
offices,2,1,0,0,8,14
;,9,1,0,0,4,4
those,7,1,0,0,3,48
to,10,1,0,0,7,12
do,1,1,0,0,83,136
with,5,1,0,0,25,32
justice,2,1,0,0,105,33
;,9,1,0,0,4,4
in,5,1,0,0,6,9
all,7,1,0,0,55,38
sectors,2,1,0,0,22,34
;,9,1,0,0,4,4
with,5,1,0,0,25,32
the,7,1,0,0,3,3
Ten,8,1,1,0,77,26
Commandments,2,1,1,0,11,29
;,9,1,0,0,4,4
",9,1,0,0,21,28
he,6,1,0,0,30,3
added,1,1,0,0,128,6
.,9,1,0,0,5,5
