",9,1,0,0,21,28
It,6,1,1,0,47,46
was,1,1,0,0,26,21
very,4,1,0,0,157,53
hot,3,1,0,0,65,64
and,10,1,0,0,9,10
I,6,1,1,1,135,107
did,1,1,0,0,54,27
n't,4,1,0,0,1,1
want,1,1,0,0,26,25
to,10,1,0,0,7,12
stay,1,1,0,0,23,24
long,3,1,0,0,59,11
on,5,1,0,0,16,7
the,7,1,0,0,3,3
court,2,1,0,0,11,67
;,9,1,0,0,4,4
",9,1,0,0,21,28
said,1,1,0,0,12,27
a,7,1,0,0,10,16
cheery,3,1,0,0,42,53
Hingis,2,1,1,0,51,31
;,9,1,0,0,4,4
who,6,1,0,0,35,90
had,1,1,0,0,19,52
no,7,1,0,0,40,117
worries,2,1,0,0,49,14
in,5,1,0,0,6,9
racing,1,1,0,0,82,11
to,10,1,0,0,7,12
a,7,1,0,0,10,16
6-1,8,1,0,0,120,123
6-0,8,1,0,0,120,134
victory,2,1,0,0,103,53
against,5,1,0,0,91,19
the,7,1,0,0,3,3
overmatched,3,1,0,0,110,6
Spaniard,2,1,1,0,85,76
.,9,1,0,0,5,5
