Israeli,3,1,1,0,56,167
security,2,1,0,0,22,59
forces,2,1,0,0,18,14
have,1,1,0,0,19,41
been,1,1,0,0,17,26
pursuing,1,1,0,0,143,11
Bedouin,2,1,1,0,17,9
Palestinians,2,1,1,0,41,40
living,1,1,0,0,86,11
in,5,1,0,0,6,9
the,7,1,0,0,3,3
desolate,3,1,0,0,28,50
wilderness,2,1,0,0,25,75
between,5,1,0,0,17,26
East,2,1,1,0,119,19
Jerusalem,2,1,1,0,176,115
and,10,1,0,0,9,10
the,7,1,0,0,3,3
Dead,2,1,1,0,28,52
Sea,2,1,1,0,22,172
;,9,1,0,0,4,4
where,4,1,0,0,35,22
several,3,1,0,0,22,23
Jewish,3,1,1,0,176,83
settlements,2,1,0,0,22,29
have,1,1,0,0,19,41
been,1,1,0,0,17,26
established,1,1,0,0,184,6
.,9,1,0,0,5,5
