Cyberspace,2,1,1,0,1,33
squabbles,2,1,0,0,1,14
overshadowed,1,1,0,0,110,6
the,7,1,0,0,3,3
debate,2,1,0,0,28,50
on,5,1,0,0,16,7
a,7,1,0,0,10,16
stack,2,1,0,0,23,82
of,5,1,0,0,8,13
proposals,2,1,0,0,24,66
covering,1,1,0,0,11,11
literary,3,1,0,0,86,53
and,10,1,0,0,9,10
artistic,3,1,0,0,53,71
works,2,1,0,0,49,98
;,9,1,0,0,4,4
the,7,1,0,0,3,3
rights,2,1,0,0,108,29
of,5,1,0,0,8,13
performers,2,1,0,0,52,34
and,10,1,0,0,9,10
producers,2,1,0,0,24,34
of,5,1,0,0,8,13
music,2,1,0,0,136,71
and,10,1,0,0,9,10
producers,2,1,0,0,24,34
of,5,1,0,0,8,13
databases,2,1,0,0,87,14
.,9,1,0,0,5,5
