A,7,1,1,1,10,16
committee,2,1,0,0,11,88
monitoring,1,1,0,0,37,11
the,7,1,0,0,3,3
ceasefire,2,1,0,0,122,22
agreement,2,1,0,0,91,25
between,5,1,0,0,17,26
Israel,2,1,1,0,56,80
and,10,1,0,0,9,10
Hizbollah,2,1,1,0,51,1
guerrillas,2,1,0,0,148,21
will,10,1,0,0,25,38
meet,1,1,0,0,64,57
in,5,1,0,0,6,9
south,3,1,0,0,50,32
Lebanon,2,1,1,0,48,7
on,5,1,0,0,16,7
Sunday,2,1,1,0,60,24
to,10,1,0,0,7,12
discuss,1,1,0,0,54,75
an,7,1,0,0,9,15
Israeli,3,1,1,0,56,167
complaint,2,1,0,0,11,25
against,5,1,0,0,91,19
the,7,1,0,0,3,3
Islamic,3,1,1,0,56,71
group,2,1,0,0,81,68
;,9,1,0,0,4,4
the,7,1,0,0,3,3
Israeli,3,1,1,0,56,167
army,2,1,0,0,53,163
said,1,1,0,0,12,27
.,9,1,0,0,5,5
