A,7,1,1,1,10,16
West,2,1,1,0,27,19
Bank,2,1,1,0,46,119
bookseller,2,1,0,0,61,8
charged,1,1,0,0,42,6
on,5,1,0,0,16,7
Thursday,2,1,1,0,3,24
that,5,1,0,0,3,20
the,7,1,0,0,3,3
Palestinian,2,1,1,0,41,15
Information,2,1,1,0,6,7
Ministry,2,1,1,0,33,53
has,1,1,0,0,19,21
forced,1,1,0,0,18,6
him,6,1,0,0,51,116
to,10,1,0,0,7,12
sign,1,1,0,0,73,156
an,7,1,0,0,9,15
undertaking,2,1,0,0,70,11
not,4,1,0,0,40,64
to,10,1,0,0,7,12
distribute,1,1,0,0,54,50
books,2,1,0,0,61,98
written,1,1,0,0,1,26
by,5,1,0,0,75,61
critics,2,1,0,0,106,1
of,5,1,0,0,8,13
Israeli-PLO,3,1,1,0,56,201
self-rule,3,1,0,0,22,39
deals,2,1,0,0,28,66
.,9,1,0,0,5,5
