",9,1,0,0,21,28
It,6,1,1,0,47,46
's,1,1,0,0,32,35
sad,3,1,0,0,12,52
someone,2,1,0,0,50,51
would,10,1,0,0,49,37
have,1,1,0,0,19,41
that,7,1,0,0,3,20
kind,2,1,0,0,141,10
of,5,1,0,0,8,13
spite,2,1,0,0,85,50
in,5,1,0,0,6,9
their,6,1,0,0,3,84
heart,2,1,0,0,30,67
;,9,1,0,0,4,4
",9,1,0,0,21,28
said,1,1,0,0,12,27
Rev.,2,1,1,0,15,1
Jerome,2,1,1,0,176,47
Turner,2,1,1,0,137,8
;,9,1,0,0,4,4
pastor,2,1,0,0,41,30
of,5,1,0,0,8,13
Mount,2,1,1,0,37,25
Zion,2,1,1,0,1,7
Missionary,2,1,1,0,33,53
Baptist,2,1,1,0,46,19
Church,2,1,1,0,42,44
.,9,1,0,0,5,5
