A,7,1,1,1,10,16
Polish,3,1,1,0,43,83
schoolgirl,2,1,0,0,101,1
blackmailed,1,1,0,0,155,6
two,8,1,0,0,104,99
women,2,1,0,0,49,26
with,5,1,0,0,25,32
anonymous,3,1,0,0,9,94
letters,2,1,0,0,48,34
threatening,1,1,0,0,3,11
death,2,1,0,0,28,32
and,10,1,0,0,9,10
later,4,1,0,0,57,8
explained,1,1,0,0,89,6
that,5,1,0,0,3,20
she,6,1,0,0,63,3
needed,1,1,0,0,36,6
money,2,1,0,0,37,65
for,5,1,0,0,18,30
textbooks,2,1,0,0,77,98
;,9,1,0,0,4,4
police,2,1,0,0,43,33
said,1,1,0,0,12,27
on,5,1,0,0,16,7
Thursday,2,1,1,0,3,24
.,9,1,0,0,5,5
