Poland,2,1,1,0,43,10
's,10,1,0,0,32,35
ex-communist,3,1,0,0,89,19
President,2,1,1,0,24,25
Aleksander,2,1,1,0,55,8
Kwasniewski,2,1,1,0,1,1
is,1,1,0,0,56,31
likely,3,1,0,0,86,36
to,10,1,0,0,7,12
visit,1,1,0,0,103,46
Polish-born,2,1,1,0,43,102
Pope,2,1,1,0,43,189
John,2,1,1,0,118,1
Paul,2,1,1,0,41,155
in,5,1,0,0,6,9
early,3,1,0,0,119,36
1997,8,1,0,0,31,1
despite,5,1,0,0,28,50
uneasy,3,1,0,0,70,1
relations,2,1,0,0,15,40
between,5,1,0,0,17,26
the,7,1,0,0,3,3
Vatican,2,1,1,0,164,15
and,10,1,0,0,9,10
Warsaw,2,1,1,0,26,183
;,9,1,0,0,4,4
the,7,1,0,0,3,3
foreign,3,1,0,0,18,156
minister,2,1,0,0,33,8
said,1,1,0,0,12,27
on,5,1,0,0,16,7
Friday,2,1,1,0,29,24
.,9,1,0,0,5,5
