",9,1,0,0,21,28
Stocks,2,1,1,0,23,98
are,1,1,0,0,53,22
on,5,1,0,0,16,7
a,7,1,0,0,10,16
delicate,3,1,0,0,28,50
edge,2,1,0,0,1,77
because,5,1,0,0,17,48
if,5,1,0,0,194,173
something,2,1,0,0,50,11
happens,1,1,0,0,19,40
that,5,1,0,0,3,20
looks,2,1,0,0,59,98
like,5,1,0,0,86,92
it,6,1,0,0,47,46
could,10,1,0,0,11,37
upset,1,1,0,0,131,57
the,7,1,0,0,3,3
presidency,2,1,0,0,24,135
;,9,1,0,0,4,4
it,6,1,0,0,47,46
could,10,1,0,0,11,37
throw,1,1,0,0,3,91
the,7,1,0,0,3,3
political,3,1,0,0,43,23
and,10,1,0,0,9,10
;,9,1,0,0,4,4
to,10,1,0,0,7,12
some,7,1,0,0,50,47
extent,2,1,0,0,89,25
the,7,1,0,0,3,3
economic,2,1,0,0,1,71
;,9,1,0,0,4,4
process,2,1,0,0,24,75
into,5,1,0,0,6,12
chaos,2,1,0,0,42,143
;,9,1,0,0,4,4
",9,1,0,0,21,28
Geraghty,10,1,1,0,99,59
said,1,1,0,0,12,27
.,9,1,0,0,5,5
