",9,1,0,0,21,28
It,6,1,1,0,47,46
is,1,1,0,0,56,31
to,10,1,0,0,7,12
their,6,1,0,0,3,84
shame,2,1,0,0,63,47
that,5,1,0,0,3,20
those,7,1,0,0,3,48
who,6,1,0,0,35,90
are,1,1,0,0,53,22
responsible,3,1,0,0,15,39
for,5,1,0,0,18,30
encouraging,1,1,0,0,92,11
this,7,1,0,0,3,31
meeting,2,1,0,0,64,11
responded,1,1,0,0,15,6
(,9,1,0,0,13,17
to,10,1,0,0,7,12
the,7,1,0,0,3,3
pressure,2,1,0,0,24,22
),9,1,0,0,14,18
in,5,1,0,0,6,9
silencing,1,1,0,0,73,11
him,6,1,0,0,51,116
;,9,1,0,0,4,4
",9,1,0,0,21,28
Jordan,2,1,1,0,118,15
said,1,1,0,0,12,27
after,5,1,0,0,79,8
the,7,1,0,0,3,3
opening,2,1,0,0,117,11
of,5,1,0,0,8,13
an,7,1,0,0,9,15
ICFTU,3,1,1,1,1,1
conference,2,1,0,0,11,33
on,5,1,0,0,16,7
international,3,1,0,0,6,23
labour,2,1,0,0,57,101
standards,2,1,0,0,23,70
and,10,1,0,0,9,10
trade,2,1,0,0,67,74
.,9,1,0,0,5,5
