Nearly,4,1,1,0,36,36
400,8,1,0,0,1,62
members,2,1,0,0,64,34
of,5,1,0,0,8,13
an,7,1,0,0,9,15
outlawed,1,1,0,0,100,6
student,2,1,0,0,23,25
group,2,1,0,0,81,68
were,1,1,0,0,27,22
arrested,1,1,0,0,53,6
after,5,1,0,0,79,8
violent,3,1,0,0,103,25
protests,2,1,0,0,24,29
demanding,1,1,0,0,28,11
reunification,2,1,0,0,15,7
with,5,1,0,0,25,32
communist,3,1,0,0,11,19
North,2,1,1,0,40,32
Korea,2,1,1,0,169,172
were,1,1,0,0,27,22
crushed,1,1,0,0,106,6
by,5,1,0,0,75,61
riot,2,1,0,0,108,64
police,2,1,0,0,43,33
at,5,1,0,0,34,20
a,7,1,0,0,10,16
Seoul,2,1,1,0,22,155
university,2,1,0,0,70,59
this,7,1,0,0,3,31
month,2,1,0,0,37,32
.,9,1,0,0,5,5
