Asked,1,1,1,0,66,6
what,6,1,0,0,35,20
India,2,1,1,0,6,49
would,10,1,0,0,49,37
do,1,1,0,0,83,136
if,5,1,0,0,194,173
the,7,1,0,0,3,3
pact,2,1,0,0,41,100
were,1,1,0,0,27,22
forwarded,1,1,0,0,18,6
to,10,1,0,0,7,12
the,7,1,0,0,3,3
United,2,1,1,0,70,6
Nations,2,1,1,0,102,40
General,2,1,1,0,99,23
Assembly,2,1,1,0,66,36
;,9,1,0,0,4,4
Gujral,2,1,1,0,148,23
said,1,1,0,0,12,27
:,9,1,0,0,84,69
",9,1,0,0,21,28
That,7,1,1,0,3,20
bridge,2,1,0,0,68,77
I,6,1,1,1,135,107
will,10,1,0,0,25,38
cross,1,1,0,0,106,75
when,4,1,0,0,35,26
I,6,1,1,1,135,107
come,1,1,0,0,11,47
to,10,1,0,0,7,12
it,6,1,0,0,47,46
.,9,1,0,0,5,5
",9,1,0,0,21,28
