The,7,1,1,0,3,3
PUK-run,3,1,1,0,143,161
radio,2,1,0,0,82,184
on,5,1,0,0,16,7
Friday,2,1,1,0,29,24
said,1,1,0,0,12,27
Iraqi,3,1,1,0,144,1
heavy,3,1,0,0,30,1
artillery,2,1,0,0,53,53
was,1,1,0,0,26,21
pounding,1,1,0,0,43,11
its,6,1,0,0,47,29
positions,2,1,0,0,43,40
in,5,1,0,0,6,9
Kurdish-controlled,3,1,1,0,1,6
northern,3,1,0,0,40,102
Iraq,2,1,1,0,144,1
but,10,1,0,0,58,43
it,6,1,0,0,47,46
gave,1,1,0,0,98,41
no,7,1,0,0,40,117
details,2,1,0,0,28,66
of,5,1,0,0,8,13
casualties,2,1,0,0,38,14
.,9,1,0,0,5,5
