",9,1,0,0,21,28
This,7,1,1,0,3,31
most,4,1,0,0,37,19
recent,3,1,0,0,15,25
measure,2,1,0,0,64,22
represents,1,1,0,0,15,29
a,7,1,0,0,10,16
revival,2,1,0,0,15,23
of,5,1,0,0,8,13
old,3,1,0,0,193,37
;,9,1,0,0,4,4
malicious,3,1,0,0,20,94
plans,2,1,0,0,76,40
to,10,1,0,0,7,12
confiscate,1,1,0,0,11,50
the,7,1,0,0,3,3
land,2,1,0,0,57,10
and,10,1,0,0,9,10
build,1,1,0,0,58,37
units,2,1,0,0,70,29
for,5,1,0,0,18,30
Israeli,3,1,1,0,56,167
settlers,2,1,0,0,22,34
within,5,1,0,0,25,9
the,7,1,0,0,3,3
walls,2,1,0,0,26,66
of,5,1,0,0,8,13
the,7,1,0,0,3,3
Old,2,1,1,0,193,37
City,2,1,1,0,146,59
.,9,1,0,0,5,5
",9,1,0,0,21,28
