The,7,1,1,0,3,3
clashes,2,1,0,0,95,14
;,9,1,0,0,4,4
shattering,1,1,0,0,63,11
a,7,1,0,0,10,16
ceasefire,2,1,0,0,122,22
negotiated,1,1,0,0,36,6
last,3,1,0,0,57,19
year,2,1,0,0,94,55
by,5,1,0,0,75,61
Washington,2,1,1,0,26,7
;,9,1,0,0,4,4
had,1,1,0,0,19,52
threatened,1,1,0,0,3,6
a,7,1,0,0,10,16
U.S.-led,3,1,1,0,111,6
peace,2,1,0,0,52,33
plan,2,1,0,0,76,15
to,10,1,0,0,7,12
unite,1,1,0,0,70,50
the,7,1,0,0,3,3
Kurdish,3,1,1,0,1,83
region,2,1,0,0,15,7
against,5,1,0,0,91,19
Iraqi,3,1,1,0,144,1
President,2,1,1,0,24,25
Saddam,2,1,1,0,12,89
Hussein,2,1,1,0,150,9
.,9,1,0,0,5,5
