-,9,1,0,0,44,42
The,7,1,1,0,3,3
president,2,1,0,0,24,25
of,5,1,0,0,8,13
the,7,1,0,0,3,3
Bosnian,2,1,1,0,61,15
Association,2,1,1,0,66,7
for,5,1,0,0,18,30
Refugees,2,1,1,0,15,14
and,10,1,0,0,9,10
Displaced,2,1,1,0,54,6
Persons,2,1,1,0,52,40
;,9,1,0,0,4,4
Mirhunisa,2,1,1,0,33,1
Komarica,2,1,1,0,169,148
says,1,1,0,0,12,142
many,3,1,0,0,20,79
survivors,2,1,0,0,60,34
of,5,1,0,0,8,13
the,7,1,0,0,3,3
1995,8,1,0,0,31,193
massacre,2,1,0,0,20,22
in,5,1,0,0,6,9
the,7,1,0,0,3,3
Bosnian,3,1,1,0,61,15
town,2,1,0,0,7,96
of,5,1,0,0,8,13
Srebrenica,2,1,1,0,1,148
are,1,1,0,0,53,22
languishing,1,1,0,0,57,11
as,4,1,0,0,66,21
forced,1,1,0,0,18,6
laborers,2,1,0,0,57,34
in,5,1,0,0,6,9
Serbian,2,1,1,0,22,15
mines,2,1,0,0,33,14
.,9,1,0,0,5,5
