Jordanian,2,1,1,0,118,15
Prime,2,1,1,0,24,47
Minister,2,1,1,0,33,8
Abdul-Karim,2,1,1,0,121,116
al-Kabariti,2,1,0,0,55,1
left,1,1,0,0,48,165
Amman,2,1,1,0,138,15
on,5,1,0,0,16,7
Thursday,2,1,1,0,3,24
for,5,1,0,0,18,30
the,7,1,0,0,3,3
West,2,1,1,0,27,19
Bank,2,1,1,0,46,119
town,2,1,0,0,7,96
of,5,1,0,0,8,13
Ramallah,2,1,1,0,82,1
to,10,1,0,0,7,12
hold,1,1,0,0,65,37
talks,2,1,0,0,78,98
with,5,1,0,0,25,32
Palestinian,3,1,1,0,41,15
President,2,1,1,0,24,25
Yasser,2,1,1,0,1,8
Arafat,2,1,1,0,53,20
on,5,1,0,0,16,7
the,7,1,0,0,3,3
stalled,1,1,0,0,23,6
Middle,2,1,1,0,33,39
East,2,1,1,0,119,19
peace,2,1,0,0,52,33
process,2,1,0,0,24,75
;,9,1,0,0,4,4
officials,2,1,0,0,8,66
said,1,1,0,0,12,27
.,9,1,0,0,5,5
