Slough,2,1,1,0,163,113
's,10,1,0,0,32,35
chairman,2,1,0,0,42,15
Sir,2,1,1,0,73,84
Nigel,2,1,1,0,145,80
Mobbs,2,1,1,0,37,1
added,1,1,0,0,128,6
to,10,1,0,0,7,12
the,7,1,0,0,3,3
bullish,3,1,0,0,58,83
mood,2,1,0,0,37,157
in,5,1,0,0,6,9
the,7,1,0,0,3,3
sector,2,1,0,0,22,30
;,9,1,0,0,4,4
saying,1,1,0,0,12,11
in,5,1,0,0,6,9
a,7,1,0,0,10,16
statement,2,1,0,0,23,25
that,7,1,0,0,3,20
",9,1,0,0,21,28
with,5,1,0,0,25,32
the,7,1,0,0,3,3
prospect,2,1,0,0,24,100
of,5,1,0,0,8,13
a,7,1,0,0,10,16
period,2,1,0,0,52,157
of,5,1,0,0,8,13
steady,3,1,0,0,23,141
economic,3,1,0,0,1,71
growth,2,1,0,0,81,32
and,10,1,0,0,9,10
low,3,1,0,0,59,91
inflation,2,1,0,0,6,7
ahead,4,1,0,0,1,52
;,9,1,0,0,4,4
there,10,1,0,0,3,22
is,1,1,0,0,56,31
good,3,1,0,0,71,157
reason,2,1,0,0,15,7
to,10,1,0,0,7,12
believe,1,1,0,0,17,41
that,5,1,0,0,3,20
the,7,1,0,0,3,3
property,2,1,0,0,24,59
sector,2,1,0,0,22,30
should,10,1,0,0,63,37
continue,1,1,0,0,11,86
its,6,1,0,0,47,29
improvement,2,1,0,0,153,25
.,9,1,0,0,5,5
",9,1,0,0,21,28
