A,7,1,1,1,10,16
few,3,1,0,0,109,73
days,2,1,0,0,87,142
ago,4,1,0,0,91,109
Russian,3,1,1,0,90,15
President,2,1,1,0,24,25
Boris,2,1,1,0,61,31
Yeltsin,2,1,1,0,94,9
issued,1,1,0,0,56,6
a,7,1,0,0,10,16
decree,2,1,0,0,28,88
on,5,1,0,0,16,7
state,2,1,0,0,23,50
regulation,2,1,0,0,15,7
of,5,1,0,0,8,13
foreign,3,1,0,0,18,156
barter,2,1,0,0,46,8
deals,2,1,0,0,28,66
;,9,1,0,0,4,4
and,10,1,0,0,9,10
Volkova,2,1,1,0,171,174
said,1,1,0,0,12,27
this,7,1,0,0,3,31
",9,1,0,0,21,28
could,10,1,0,0,11,37
substantially,4,1,0,0,60,36
improve,1,1,0,0,153,41
the,7,1,0,0,3,3
situation,2,1,0,0,73,7
",9,1,0,0,21,28
.,9,1,0,0,5,5
