",9,1,0,0,21,28
The,7,1,1,0,3,3
market,2,1,0,0,20,57
does,1,1,0,0,83,14
n't,4,1,0,0,1,1
seem,1,1,0,0,22,115
to,10,1,0,0,7,12
be,1,1,0,0,17,78
able,3,1,0,0,121,39
to,10,1,0,0,7,12
make,1,1,0,0,20,92
new,3,1,0,0,36,73
highs,2,1,0,0,51,1
and,10,1,0,0,9,10
it,6,1,0,0,47,46
has,1,1,0,0,19,21
been,1,1,0,0,17,26
back,4,1,0,0,46,82
and,10,1,0,0,9,10
forth,4,1,0,0,18,32
in,5,1,0,0,6,9
a,7,1,0,0,10,16
fairly,4,1,0,0,97,36
horizontal,3,1,0,0,65,23
mode,2,1,0,0,37,74
which,7,1,0,0,35,44
looks,1,1,0,0,59,98
like,5,1,0,0,86,92
a,7,1,0,0,10,16
holding,1,1,0,0,65,11
pattern,2,1,0,0,41,102
;,9,1,0,0,4,4
",9,1,0,0,21,28
said,1,1,0,0,12,27
Geraghty,2,1,1,0,99,59
.,9,1,0,0,5,5
