",9,1,0,0,21,28
It,6,1,1,0,47,46
was,1,1,0,0,26,21
confusing,3,1,0,0,11,11
;,9,1,0,0,4,4
they,6,1,0,0,3,65
had,1,1,0,0,19,52
no,7,1,0,0,40,117
experience,2,1,0,0,89,33
of,5,1,0,0,8,13
voting,2,1,0,0,171,11
;,9,1,0,0,4,4
many,3,1,0,0,20,79
of,5,1,0,0,8,13
the,7,1,0,0,3,3
refugees,2,1,0,0,15,14
are,1,1,0,0,53,22
only,4,1,0,0,16,36
semi-literate,3,1,0,0,22,50
and,10,1,0,0,9,10
none,2,1,0,0,40,51
of,5,1,0,0,8,13
them,6,1,0,0,3,115
knew,1,1,0,0,1,73
anything,2,1,0,0,9,11
about,5,1,0,0,121,43
the,7,1,0,0,3,3
candidates,2,1,0,0,38,14
;,9,1,0,0,4,4
",9,1,0,0,21,28
he,6,1,0,0,30,3
said,1,1,0,0,12,27
.,9,1,0,0,5,5
