In,5,1,1,0,6,9
Kansas,2,1,1,0,158,21
;,9,1,0,0,4,4
typically,4,1,0,0,1,36
the,7,1,0,0,3,3
number,2,1,0,0,199,8
one,8,1,0,0,16,51
U.S.,2,1,1,0,111,87
hard,3,1,0,0,19,76
red,3,1,0,0,15,6
winter,2,1,0,0,25,8
wheat,2,1,0,0,35,20
producer,2,1,0,0,24,8
;,9,1,0,0,4,4
topsoil,2,1,0,0,7,95
moisture,2,1,0,0,37,22
levels,2,1,0,0,48,66
were,1,1,0,0,27,22
rated,1,1,0,0,82,6
mostly,4,1,0,0,37,36
adequate,3,1,0,0,128,50
during,5,1,0,0,124,11
the,7,1,0,0,3,3
week,2,1,0,0,27,120
ended,1,1,0,0,92,6
Sunday,2,1,1,0,60,24
;,9,1,0,0,4,4
according,1,1,0,0,112,11
to,10,1,0,0,7,12
the,7,1,0,0,3,3
state,2,1,0,0,23,50
's,10,1,0,0,32,35
agricultural,3,1,0,0,91,23
statistics,2,1,0,0,23,1
service,2,1,0,0,22,33
.,9,1,0,0,5,5
