British,2,1,1,0,68,83
Airways,2,1,1,0,156,142
's,10,1,0,0,32,35
initial,3,1,0,0,6,23
response,2,1,0,0,15,48
was,1,1,0,0,26,21
that,5,1,0,0,3,20
",9,1,0,0,21,28
unconditional,3,1,0,0,70,23
divestiture,2,1,0,0,54,22
of,5,1,0,0,8,13
slots,2,1,0,0,163,29
is,1,1,0,0,56,31
unprecedented,3,1,0,0,70,6
and,10,1,0,0,9,10
if,5,1,0,0,194,173
done,1,1,0,0,83,51
it,6,1,0,0,47,46
must,10,1,0,0,136,19
be,1,1,0,0,17,78
on,5,1,0,0,16,7
the,7,1,0,0,3,3
basis,2,1,0,0,46,31
of,5,1,0,0,8,13
fair,3,1,0,0,97,84
market,2,1,0,0,20,57
value,2,1,0,0,164,86
.,9,1,0,0,5,5
",9,1,0,0,21,28
