Named,1,1,1,0,102,6
",9,1,0,0,21,28
Nirmal,2,1,1,0,145,23
Hriday,2,1,1,0,1,24
",9,1,0,0,21,28
(,9,1,0,0,13,17
Tender,2,1,1,0,77,8
Heart,2,1,1,0,30,67
),9,1,0,0,14,18
;,9,1,0,0,4,4
it,6,1,0,0,47,46
was,1,1,0,0,26,21
the,7,1,0,0,3,3
first,3,1,0,0,39,19
of,5,1,0,0,8,13
a,7,1,0,0,10,16
chain,2,1,0,0,42,9
of,5,1,0,0,8,13
150,8,1,0,0,125,164
homes,2,1,0,0,65,14
for,5,1,0,0,18,30
dying,1,1,0,0,1,11
;,9,1,0,0,4,4
destitute,3,1,0,0,28,50
people,2,1,0,0,52,39
;,9,1,0,0,4,4
admitting,1,1,0,0,128,11
nearly,4,1,0,0,36,36
18;000,8,1,0,0,181,62
a,7,1,0,0,10,16
year,2,1,0,0,94,55
.,9,1,0,0,5,5
