The,7,1,1,0,3,3
Party,2,1,1,0,41,59
of,5,1,0,0,8,13
Democratic,2,1,1,0,28,71
Action,2,1,1,0,112,7
(,9,1,0,0,13,17
SDA,2,1,1,1,1,118
),9,1,0,0,14,18
had,1,1,0,0,19,52
called,1,1,0,0,38,6
on,5,1,0,0,16,7
Wednesday,2,1,1,0,27,24
for,5,1,0,0,18,30
its,6,1,0,0,47,29
followers,2,1,0,0,18,34
abroad,4,1,0,0,121,52
to,10,1,0,0,7,12
boycott,1,1,0,0,61,1
the,7,1,0,0,3,3
absentee,3,1,0,0,121,88
balloting,2,1,0,0,46,11
because,5,1,0,0,17,48
of,5,1,0,0,8,13
voter,2,1,0,0,171,8
registration,2,1,0,0,15,7
irregularities,2,1,0,0,144,14
;,9,1,0,0,4,4
especially,4,1,0,0,184,36
among,5,1,0,0,138,11
Serb,2,1,1,0,22,1
refugees,2,1,0,0,15,14
.,9,1,0,0,5,5
