Nearly,4,1,1,0,36,36
two-thirds,2,1,0,0,104,70
of,5,1,0,0,8,13
the,7,1,0,0,3,3
people,2,1,0,0,52,39
surveyed,1,1,0,0,60,6
thought,1,1,0,0,3,81
the,7,1,0,0,3,3
government,2,1,0,0,71,25
was,1,1,0,0,26,21
dishonest,3,1,0,0,54,19
and,10,1,0,0,9,10
insincere,3,1,0,0,6,22
;,9,1,0,0,4,4
and,10,1,0,0,9,10
65,8,1,0,0,1,1
percent,2,1,0,0,52,25
blamed,1,1,0,0,155,6
the,7,1,0,0,3,3
government,2,1,0,0,71,25
's,10,1,0,0,32,35
poor,3,1,0,0,43,30
performance,2,1,0,0,52,33
for,5,1,0,0,18,30
the,7,1,0,0,3,3
country,2,1,0,0,11,53
's,10,1,0,0,32,35
economic,3,1,0,0,1,71
slowdown,2,1,0,0,163,96
.,9,1,0,0,5,5
