Former,3,1,1,0,18,8
Israeli,3,1,1,0,56,167
Prime,2,1,1,0,24,47
Minister,2,1,1,0,33,8
Shimon,2,1,1,0,63,7
Peres,2,1,1,0,52,14
;,9,1,0,0,4,4
calling,1,1,0,0,38,11
Lahd,2,1,1,0,57,1
",9,1,0,0,21,28
a,7,1,0,0,10,16
great,3,1,0,0,81,20
Lebanese,3,1,1,0,48,48
patriot,2,1,0,0,41,64
",9,1,0,0,21,28
;,9,1,0,0,4,4
said,1,1,0,0,12,27
earlier,4,1,0,0,119,8
this,7,1,0,0,3,31
year,2,1,0,0,94,55
Lebanon,2,1,1,0,48,7
had,1,1,0,0,19,52
insulted,1,1,0,0,6,6
the,7,1,0,0,3,3
SLA,2,1,1,1,163,137
commander,2,1,0,0,11,8
by,5,1,0,0,75,61
ordering,1,1,0,0,116,11
his,6,1,0,0,51,31
arrest,2,1,0,0,53,19
on,5,1,0,0,16,7
the,7,1,0,0,3,3
treason,2,1,0,0,67,7
charges,2,1,0,0,42,14
.,9,1,0,0,5,5
