",9,1,0,0,21,28
Algeria,2,1,1,0,55,49
expresses,1,1,0,0,89,14
its,6,1,0,0,47,29
sharp,3,1,0,0,63,1
rejection,2,1,0,0,15,7
of,5,1,0,0,8,13
a,7,1,0,0,10,16
meeting,2,1,0,0,64,11
putting,1,1,0,0,143,11
together,4,1,0,0,7,8
masterminds,2,1,0,0,20,70
and,10,1,0,0,9,10
ideologists,2,1,0,0,1,29
and,10,1,0,0,9,10
financers,2,1,0,0,39,34
of,5,1,0,0,8,13
terrorism,2,1,0,0,77,1
;,9,1,0,0,4,4
",9,1,0,0,21,28
the,7,1,0,0,3,3
spokesman,2,1,0,0,85,15
said,1,1,0,0,12,27
;,9,1,0,0,4,4
adding,1,1,0,0,128,11
the,7,1,0,0,3,3
Algerian,3,1,1,0,55,15
government,2,1,0,0,71,25
has,1,1,0,0,19,21
asked,1,1,0,0,66,6
the,7,1,0,0,3,3
British,3,1,1,0,68,83
embassy,2,1,0,0,196,1
in,5,1,0,0,6,9
Algiers,2,1,1,0,55,34
for,5,1,0,0,18,30
clarifications,2,1,0,0,95,40
.,9,1,0,0,5,5
