",9,1,0,0,21,28
From,5,1,1,0,29,54
here,4,1,0,0,30,22
we,6,1,0,0,27,110
will,10,1,0,0,25,38
march,1,1,0,0,20,44
to,10,1,0,0,7,12
Islamabad,2,1,1,0,56,52
and,10,1,0,0,9,10
by,5,1,0,0,75,61
God,2,1,1,0,71,157
we,6,1,0,0,27,110
will,10,1,0,0,25,38
not,4,1,0,0,40,64
let,1,1,0,0,48,57
Benazir,2,1,1,0,17,84
and,10,1,0,0,9,10
(,9,1,0,0,13,17
Bhutto,2,1,1,0,1,12
's,10,1,0,0,32,35
husband,2,1,0,0,150,10
Asif,2,1,1,0,66,173
Ali,2,1,1,0,55,167
),9,1,0,0,14,18
Zardari,2,1,1,0,1,1
escape,1,1,0,0,184,189
justice,2,1,0,0,105,33
;,9,1,0,0,4,4
",9,1,0,0,21,28
Nawaz,2,1,1,0,102,1
Sharif,2,1,1,0,63,173
;,9,1,0,0,4,4
leader,2,1,0,0,48,8
of,5,1,0,0,8,13
the,7,1,0,0,3,3
main,3,1,0,0,20,9
opposition,2,1,0,0,117,7
Pakistan,2,1,1,0,41,15
Muslim,2,1,1,0,136,116
League,2,1,1,0,48,86
told,1,1,0,0,7,37
a,7,1,0,0,10,16
rally,2,1,0,0,82,36
organised,1,1,0,0,116,6
by,5,1,0,0,75,61
a,7,1,0,0,10,16
16-party,3,1,0,0,162,59
alliance,2,1,0,0,55,33
.,9,1,0,0,5,5
