",9,1,0,0,21,28
This,7,1,1,0,3,31
is,1,1,0,0,56,31
a,7,1,0,0,10,16
major,3,1,0,0,20,30
championship,2,1,0,0,42,151
golf,2,1,0,0,71,133
course,2,1,0,0,11,48
;,9,1,0,0,4,4
and,10,1,0,0,9,10
for,5,1,0,0,18,30
me,6,1,0,0,64,47
to,10,1,0,0,7,12
perform,1,1,0,0,52,159
well,4,1,0,0,27,38
on,5,1,0,0,16,7
this,7,1,0,0,3,31
style,2,1,0,0,23,39
of,5,1,0,0,8,13
course,2,1,0,0,11,48
is,1,1,0,0,56,31
a,7,1,0,0,10,16
big,3,1,0,0,127,1
step,2,1,0,0,23,1
up,10,1,0,0,131,68
for,5,1,0,0,18,30
me,6,1,0,0,64,47
in,5,1,0,0,6,9
my,6,1,0,0,1,163
career,2,1,0,0,38,8
and,10,1,0,0,9,10
my,6,1,0,0,1,163
performance,2,1,0,0,52,33
in,5,1,0,0,6,9
future,3,1,0,0,152,22
majors,2,1,0,0,20,34
;,9,1,0,0,4,4
",9,1,0,0,21,28
he,6,1,0,0,30,3
said,1,1,0,0,12,27
.,9,1,0,0,5,5
