",9,1,0,0,21,28
Internet,2,1,1,0,6,57
is,1,1,0,0,56,31
a,7,1,0,0,10,16
potential,3,1,0,0,43,23
cash,2,1,0,0,38,83
cow,2,1,0,0,11,91
for,5,1,0,0,18,30
copyright-based,3,1,0,0,11,6
industries,2,1,0,0,6,14
and,10,1,0,0,9,10
we,6,1,0,0,27,110
need,1,1,0,0,36,6
roadmaps,2,1,0,0,80,130
on,5,1,0,0,16,7
the,7,1,0,0,3,3
information,2,1,0,0,6,7
superhighway,2,1,0,0,60,24
;,9,1,0,0,4,4
",9,1,0,0,21,28
said,1,1,0,0,12,27
Marc,2,1,1,0,20,1
Pearl,2,1,1,0,52,1
;,9,1,0,0,4,4
vice-president,2,1,0,0,103,25
of,5,1,0,0,8,13
the,7,1,0,0,3,3
Information,2,1,1,0,6,7
Technology,2,1,1,0,77,1
Association,2,1,1,0,66,7
of,5,1,0,0,8,13
America,2,1,1,0,138,148
;,9,1,0,0,4,4
a,7,1,0,0,10,16
trade,2,1,0,0,67,74
association,2,1,0,0,66,7
of,5,1,0,0,8,13
U.S.,2,1,1,0,111,87
network,2,1,0,0,36,97
companies,2,1,0,0,11,14
opposing,1,1,0,0,117,11
the,7,1,0,0,3,3
treaties,2,1,0,0,67,14
.,9,1,0,0,5,5
