Dick,2,1,1,0,54,82
Morris,2,1,1,0,37,31
;,9,1,0,0,4,4
the,7,1,0,0,3,3
Republican,3,1,1,0,15,15
political,3,1,0,0,43,23
consultant,2,1,0,0,11,25
who,6,1,0,0,35,90
reshaped,1,1,0,0,15,6
U.S.,2,1,1,0,111,87
President,2,1,1,0,24,25
Bill,2,1,1,0,127,38
Clinton,2,1,1,0,95,7
's,10,1,0,0,32,35
reelection,3,1,0,0,15,7
campaign,2,1,0,0,38,156
;,9,1,0,0,4,4
has,1,1,0,0,19,21
resigned,1,1,0,0,15,6
;,9,1,0,0,4,4
MS-NBC,2,1,1,0,1,1
News,2,1,1,0,36,150
reported,1,1,0,0,15,6
Thursday,2,1,1,0,3,24
.,9,1,0,0,5,5
