Radio,2,1,1,0,82,184
New,2,1,1,0,36,73
Zealand,2,1,1,0,1,10
reported,1,1,0,0,15,6
earlier,4,1,0,0,119,8
that,5,1,0,0,3,20
an,7,1,0,0,9,15
armed,3,1,0,0,53,6
man,2,1,0,0,20,15
on,5,1,0,0,16,7
Monday,2,1,1,0,37,24
entered,1,1,0,0,92,6
the,7,1,0,0,3,3
Northcote,2,1,1,0,40,50
College,2,1,1,0,11,77
swimming,2,1,0,0,167,11
pool,2,1,0,0,43,149
changing,1,1,0,0,42,11
sheds,2,1,0,0,63,70
and,10,1,0,0,9,10
confronted,1,1,0,0,11,6
a,7,1,0,0,10,16
16-year-old,3,1,0,0,162,37
schoolgirl,2,1,0,0,101,1
.,9,1,0,0,5,5
