They,6,1,1,0,3,65
said,1,1,0,0,12,27
soldiers,2,1,0,0,50,34
stole,1,1,0,0,23,39
a,7,1,0,0,10,16
gold,3,1,0,0,71,37
necklace,2,1,0,0,36,33
and,10,1,0,0,9,10
about,4,1,0,0,121,43
$,9,1,0,0,129,105
2;000,8,1,0,0,1,62
in,5,1,0,0,6,9
Israeli,3,1,1,0,56,167
currency,2,1,0,0,113,135
from,5,1,0,0,29,54
an,7,1,0,0,9,15
elderly,3,1,0,0,149,36
woman,2,1,0,0,49,15
and,10,1,0,0,9,10
her,6,1,0,0,30,8
daughter-in-law,2,1,0,0,87,183
while,5,1,0,0,35,39
rummaging,3,1,0,0,90,11
through,5,1,0,0,3,113
their,6,1,0,0,3,84
luggage,2,1,0,0,1,77
before,5,1,0,0,17,22
destroying,1,1,0,0,28,11
family,2,1,0,0,97,36
shacks,2,1,0,0,63,98
and,10,1,0,0,9,10
animal,2,1,0,0,9,23
barns,2,1,0,0,46,40
.,9,1,0,0,5,5
