",9,1,0,0,21,28
Sarah,2,1,1,0,12,1
;,9,1,0,0,4,4
I,6,1,1,1,135,107
told,1,1,0,0,7,37
you,6,1,0,0,133,1
this,7,1,0,0,3,31
is,1,1,0,0,56,31
the,7,1,0,0,3,3
Democratic,3,1,1,0,28,71
convention,2,1,0,0,11,7
;,9,1,0,0,4,4
",9,1,0,0,21,28
he,6,1,0,0,30,3
responded,1,1,0,0,15,6
to,10,1,0,0,7,12
his,6,1,0,0,51,31
wife,2,1,0,0,25,1
;,9,1,0,0,4,4
who,6,1,0,0,35,90
before,5,1,0,0,17,22
the,7,1,0,0,3,3
shooting,2,1,0,0,63,11
had,1,1,0,0,19,52
worked,1,1,0,0,49,6
for,5,1,0,0,18,30
two,8,1,0,0,104,99
Republican,3,1,1,0,15,15
congressmen,2,1,0,0,11,26
and,10,1,0,0,9,10
the,7,1,0,0,3,3
Republican,3,1,1,0,15,15
national,3,1,0,0,102,23
party,2,1,0,0,41,59
.,9,1,0,0,5,5
