Sudanese,2,1,1,0,60,48
police,2,1,0,0,43,33
have,1,1,0,0,19,41
arrested,1,1,0,0,53,6
three,8,1,0,0,3,88
people,2,1,0,0,52,39
trying,1,1,0,0,67,11
to,10,1,0,0,7,12
smuggle,1,1,0,0,1,39
sewing,1,1,0,0,22,11
machines,2,1,0,0,20,14
and,10,1,0,0,9,10
army,2,1,0,0,53,163
clothing,2,1,0,0,95,11
to,10,1,0,0,7,12
Sudanese,2,1,1,0,60,48
opposition,2,1,0,0,117,7
groups,2,1,0,0,81,130
in,5,1,0,0,6,9
Eritrea,2,1,1,0,1,172
;,9,1,0,0,4,4
an,7,1,0,0,9,15
official,3,1,0,0,8,23
newspaper,2,1,0,0,36,8
reported,1,1,0,0,15,6
on,5,1,0,0,16,7
Saturday,2,1,1,0,12,24
.,9,1,0,0,5,5
