It,6,1,1,0,47,46
said,1,1,0,0,12,27
the,7,1,0,0,3,3
increase,2,1,0,0,6,48
was,1,1,0,0,26,21
consistent,3,1,0,0,11,25
with,5,1,0,0,25,32
the,7,1,0,0,3,3
approach,2,1,0,0,161,44
followed,1,1,0,0,18,6
by,5,1,0,0,75,61
other,3,1,0,0,178,8
power,2,1,0,0,43,8
companies,2,1,0,0,11,14
and,10,1,0,0,9,10
reflected,1,1,0,0,15,6
the,7,1,0,0,3,3
company,2,1,0,0,11,79
's,10,1,0,0,32,35
new,3,1,0,0,36,73
levels,2,1,0,0,48,66
of,5,1,0,0,8,13
preventative,3,1,0,0,24,41
maintenance,2,1,0,0,20,33
and,10,1,0,0,9,10
equipment,2,1,0,0,1,25
upgrading,2,1,0,0,131,11
.,9,1,0,0,5,5
