Commission,2,1,1,0,11,7
Regulation,2,1,1,0,15,7
(,9,1,0,0,13,17
EC,2,1,1,1,1,1
),9,1,0,0,14,18
No,7,1,1,0,40,117
1676/96,8,1,0,0,162,144
of,5,1,0,0,8,13
30,8,1,0,0,180,125
July,2,1,1,0,105,36
1996,8,1,0,0,31,144
amending,1,1,0,0,138,11
Regulation,2,1,1,0,15,7
(,9,1,0,0,13,17
EEC,2,1,1,1,1,1
),9,1,0,0,14,18
No,7,1,1,0,40,117
2454/93,8,1,0,0,195,1
laying,2,1,0,0,57,11
down,10,1,0,0,83,96
provisions,2,1,0,0,24,40
for,5,1,0,0,18,30
the,7,1,0,0,3,3
implementation,2,1,0,0,153,7
of,5,1,0,0,8,13
Council,2,1,1,0,11,95
Regulation,2,1,1,0,15,7
(,9,1,0,0,13,17
EEC,2,1,1,1,1,1
),9,1,0,0,14,18
No,7,1,1,0,40,117
2913/92,8,1,0,0,1,1
establishing,1,1,0,0,184,11
the,7,1,0,0,3,3
Community,2,1,1,0,11,59
Customs,2,1,1,0,113,122
Code,2,1,1,0,11,74
END,2,1,1,1,92,10
OF,5,1,1,1,8,13
DOCUMENT,2,1,1,1,83,25
.,9,1,0,0,5,5
