The,7,1,1,0,3,3
Security,2,1,1,0,22,59
Council,2,1,1,0,11,95
on,5,1,0,0,16,7
Friday,2,1,1,0,29,24
asked,1,1,0,0,66,6
Iraq,2,1,1,0,144,1
to,10,1,0,0,7,12
stop,1,1,0,0,23,187
blocking,1,1,0,0,155,11
arms,2,1,0,0,53,122
inspectors,2,1,0,0,6,34
search,2,1,0,0,22,44
for,5,1,0,0,18,30
concealed,1,1,0,0,11,6
weapons,2,1,0,0,27,40
or,10,1,0,0,116,30
materials,2,1,0,0,20,66
they,6,1,0,0,3,65
believe,1,1,0,0,17,41
were,1,1,0,0,27,22
being,1,1,0,0,17,11
shuttled,1,1,0,0,63,6
around,4,1,0,0,53,10
to,10,1,0,0,7,12
avoid,1,1,0,0,197,27
detection,2,1,0,0,28,7
.,9,1,0,0,5,5
