",9,1,0,0,21,28
Certainly,4,1,1,0,122,36
the,7,1,0,0,3,3
company,2,1,0,0,11,79
will,10,1,0,0,25,38
be,1,1,0,0,17,78
a,7,1,0,0,10,16
much,4,1,0,0,136,44
smaller,3,1,0,0,1,8
company,2,1,0,0,11,79
now,4,1,0,0,40,91
;,9,1,0,0,4,4
but,10,1,0,0,58,43
it,6,1,0,0,47,46
will,10,1,0,0,25,38
be,1,1,0,0,17,78
a,7,1,0,0,10,16
more,4,1,0,0,37,22
profitable,3,1,0,0,24,39
business,2,1,0,0,58,75
;,9,1,0,0,4,4
",9,1,0,0,21,28
said,1,1,0,0,12,27
analyst,2,1,0,0,9,19
Elias,2,1,1,0,149,21
Moosa,2,1,1,0,37,1
of,5,1,0,0,8,13
Roberston,2,1,1,0,80,7
Stephens,2,1,1,0,23,40
&,10,1,0,0,1,1
Co,2,1,1,0,11,147
.,9,1,0,0,5,5
