Colombia,2,1,1,0,11,49
's,10,1,0,0,32,35
peso,2,1,0,0,52,114
closed,1,1,0,0,95,6
lower,3,1,0,0,59,8
at,5,1,0,0,34,20
1;044,8,1,0,0,1,1
after,5,1,0,0,79,8
coming,1,1,0,0,11,11
under,5,1,0,0,70,8
pressure,2,1,0,0,24,22
from,5,1,0,0,29,54
dollar-buying,2,1,0,0,83,11
by,5,1,0,0,75,61
importers,2,1,0,0,153,34
seeking,1,1,0,0,22,11
to,10,1,0,0,7,12
meet,1,1,0,0,64,57
their,6,1,0,0,3,84
commitments,2,1,0,0,11,29
abroad,4,1,0,0,121,52
;,9,1,0,0,4,4
interbank,2,1,0,0,6,119
dealers,2,1,0,0,28,34
said,1,1,0,0,12,27
.,9,1,0,0,5,5
