The,7,1,1,0,3,3
U.S.,2,1,1,0,111,87
and,10,1,0,0,9,10
Colombian,3,1,1,0,11,15
governments,2,1,0,0,71,29
reached,1,1,0,0,15,6
an,7,1,0,0,9,15
agreement,2,1,0,0,91,25
that,7,1,0,0,3,20
will,10,1,0,0,25,38
allow,1,1,0,0,55,91
AMR,2,1,1,1,138,1
Corp,2,1,1,0,11,1
's,10,1,0,0,32,35
American,2,1,1,0,138,15
Airlines,2,1,1,0,156,14
to,10,1,0,0,7,12
operate,1,1,0,0,117,50
three,8,1,0,0,3,88
round-trip,3,1,0,0,80,151
flights,2,1,0,0,154,29
between,5,1,0,0,17,26
New,2,1,1,0,36,73
York,2,1,1,0,133,97
and,10,1,0,0,9,10
Bogota,2,1,1,0,61,108
;,9,1,0,0,4,4
the,7,1,0,0,3,3
Department,2,1,1,0,28,25
of,5,1,0,0,8,13
Transportation,2,1,1,0,67,7
said,1,1,0,0,12,27
Friday,2,1,1,0,29,24
.,9,1,0,0,5,5
