Business,2,1,1,0,58,75
:,9,1,0,0,84,69
Company,2,1,1,0,11,79
's,10,1,0,0,32,35
goal,2,1,0,0,71,23
is,1,1,0,0,56,31
to,10,1,0,0,7,12
become,1,1,0,0,17,47
a,7,1,0,0,10,16
national,3,1,0,0,102,23
provider,2,1,0,0,24,8
of,5,1,0,0,8,13
high,3,1,0,0,51,113
quality,2,1,0,0,126,59
extended-stay,2,1,0,0,89,24
hotels,2,1,0,0,65,66
in,5,1,0,0,6,9
strategically,4,1,0,0,23,36
selected,1,1,0,0,22,6
markets,2,1,0,0,20,29
located,1,1,0,0,59,6
throughout,5,1,0,0,3,43
the,7,1,0,0,3,3
United,2,1,1,0,70,6
States,2,1,1,0,23,14
.,9,1,0,0,5,5
