Japan,2,1,1,0,114,15
's,10,1,0,0,32,35
Agriculture,2,1,1,0,91,22
Ministry,2,1,1,0,33,53
also,4,1,0,0,55,114
announced,1,1,0,0,9,6
that,5,1,0,0,3,20
it,6,1,0,0,47,46
will,10,1,0,0,25,38
compile,1,1,0,0,11,39
hygiene,2,1,0,0,1,51
guidelines,2,1,0,0,148,14
based,1,1,0,0,46,6
on,5,1,0,0,16,7
U.S.,2,1,1,0,111,87
government,2,1,0,0,71,25
methods,2,1,0,0,64,70
of,5,1,0,0,8,13
checking,2,1,0,0,42,11
the,7,1,0,0,3,3
safety,2,1,0,0,12,59
of,5,1,0,0,8,13
farm,2,1,0,0,97,159
produce,1,1,0,0,24,33
to,10,1,0,0,7,12
prevent,1,1,0,0,24,25
another,7,1,0,0,9,8
outbreak,2,1,0,0,100,195
of,5,1,0,0,8,13
the,7,1,0,0,3,3
epidemic,2,1,0,0,1,71
.,9,1,0,0,5,5
