",9,1,0,0,21,28
Edouard,2,1,1,0,1,76
is,1,1,0,0,56,31
getting,1,1,0,0,99,11
stronger,3,1,0,0,23,8
and,10,1,0,0,9,10
stronger,3,1,0,0,23,8
;,9,1,0,0,4,4
and,10,1,0,0,9,10
it,6,1,0,0,47,46
already,4,1,0,0,55,141
has,1,1,0,0,19,21
winds,2,1,0,0,25,70
of,5,1,0,0,8,13
105,8,1,0,0,93,1
mph,2,1,0,0,1,1
(,9,1,0,0,13,17
185,8,1,0,0,181,1
kph,2,1,0,0,1,1
),9,1,0,0,14,18
;,9,1,0,0,4,4
",9,1,0,0,21,28
said,1,1,0,0,12,27
hurricane,2,1,0,0,150,51
forecaster,2,1,0,0,18,8
Lixion,2,1,1,0,86,7
Avila,2,1,1,0,197,137
.,9,1,0,0,5,5
