",9,1,0,0,21,28
Israel,2,1,1,0,56,80
could,10,1,0,0,11,37
not,4,1,0,0,40,64
confront,1,1,0,0,11,25
a,7,1,0,0,10,16
united,1,1,0,0,70,6
Arab,3,1,1,0,53,1
stand,2,1,0,0,23,10
or,10,1,0,0,116,30
usurp,1,1,0,0,185,1
their,6,1,0,0,3,84
rights,2,1,0,0,108,29
because,5,1,0,0,17,48
the,7,1,0,0,3,3
Arab,3,1,1,0,53,1
rights,2,1,0,0,108,29
could,10,1,0,0,11,37
be,1,1,0,0,17,78
regained,1,1,0,0,15,6
when,4,1,0,0,35,26
they,6,1,0,0,3,65
achieve,1,1,0,0,112,41
unity,2,1,0,0,70,59
and,10,1,0,0,9,10
solidarity,2,1,0,0,50,59
;,9,1,0,0,4,4
",9,1,0,0,21,28
Damascus,2,1,1,0,87,94
radio,2,1,0,0,82,184
said,1,1,0,0,12,27
.,9,1,0,0,5,5
