Oil,2,1,1,0,1,95
product,2,1,0,0,24,100
inventories,2,1,0,0,6,14
held,1,1,0,0,30,37
in,5,1,0,0,6,9
independent,3,1,0,0,6,25
tankage,2,1,0,0,78,77
in,5,1,0,0,6,9
the,7,1,0,0,3,3
Amsterdam-Rotterdam-Antwerp,2,1,1,0,138,1
area,2,1,0,0,53,172
were,1,1,0,0,27,22
at,5,1,0,0,34,20
the,7,1,0,0,3,3
following,3,1,0,0,18,11
levels,2,1,0,0,48,66
;,9,1,0,0,4,4
with,5,1,0,0,25,32
week-ago,3,1,0,0,27,109
and,10,1,0,0,9,10
year-ago,3,1,0,0,94,109
levels,2,1,0,0,48,66
;,9,1,0,0,4,4
industry,2,1,0,0,6,53
sources,2,1,0,0,50,14
said,1,1,0,0,12,27
.,9,1,0,0,5,5
