",9,1,0,0,21,28
We,6,1,1,0,27,110
do,1,1,0,0,83,136
n't,4,1,0,0,1,1
support,1,1,0,0,60,67
any,7,1,0,0,9,79
such,3,1,0,0,60,44
recommendation,2,1,0,0,15,7
because,5,1,0,0,17,48
we,6,1,0,0,27,110
do,1,1,0,0,83,136
n't,4,1,0,0,1,1
see,1,1,0,0,22,88
any,7,1,0,0,9,79
grounds,2,1,0,0,81,70
for,5,1,0,0,18,30
it,6,1,0,0,47,46
;,9,1,0,0,4,4
",9,1,0,0,21,28
the,7,1,0,0,3,3
Commission,2,1,1,0,11,7
's,10,1,0,0,32,35
chief,3,1,0,0,42,1
spokesman,2,1,0,0,85,15
Nikolaus,2,1,1,0,145,94
van,2,1,0,0,164,15
der,10,1,0,0,28,8
Pas,2,1,1,0,41,21
told,1,1,0,0,7,37
a,7,1,0,0,10,16
news,2,1,0,0,36,150
briefing,2,1,0,0,68,11
.,9,1,0,0,5,5
