",9,1,0,0,21,28
Until,5,1,1,0,70,95
the,7,1,0,0,3,3
government,2,1,0,0,71,25
releases,1,1,0,0,15,14
our,6,1,0,0,100,101
boats,2,1,0,0,61,29
from,5,1,0,0,29,54
naval,3,1,0,0,102,23
custody,2,1,0,0,113,141
and,10,1,0,0,9,10
Sri,2,1,1,0,1,1
Lankan,2,1,1,0,57,15
naval,3,1,0,0,102,23
custody,2,1,0,0,113,141
;,9,1,0,0,4,4
and,10,1,0,0,9,10
gives,1,1,0,0,159,14
us,6,1,0,0,185,94
assurance,2,1,0,0,66,33
(,9,1,0,0,13,17
it,6,1,0,0,47,46
will,10,1,0,0,25,38
not,4,1,0,0,40,64
revoke,1,1,0,0,15,92
licences,2,1,0,0,86,14
of,5,1,0,0,8,13
boats,2,1,0,0,61,29
ferrying,1,1,0,0,109,11
refugees,2,1,0,0,15,14
),9,1,0,0,14,18
;,9,1,0,0,4,4
we,6,1,0,0,27,110
will,10,1,0,0,25,38
not,4,1,0,0,40,64
call,1,1,0,0,38,38
off,5,1,0,0,8,129
our,6,1,0,0,100,101
strike,2,1,0,0,23,92
;,9,1,0,0,4,4
",9,1,0,0,21,28
Bose,2,1,1,0,61,48
said,1,1,0,0,12,27
.,9,1,0,0,5,5
