",9,1,0,0,21,28
There,10,1,1,0,3,22
are,1,1,0,0,53,22
people,2,1,0,0,52,39
who,6,1,0,0,35,90
are,1,1,0,0,53,22
taking,1,1,0,0,78,11
advantage,2,1,0,0,128,77
of,5,1,0,0,8,13
the,7,1,0,0,3,3
news,2,1,0,0,36,150
to,10,1,0,0,7,12
put,1,1,0,0,143,43
pressure,2,1,0,0,24,22
on,5,1,0,0,16,7
rates,2,1,0,0,82,14
;,9,1,0,0,4,4
however,4,1,0,0,65,8
;,9,1,0,0,4,4
there,10,1,0,0,3,22
are,1,1,0,0,53,22
enough,3,1,0,0,92,113
players,2,1,0,0,76,34
who,6,1,0,0,35,90
will,10,1,0,0,25,38
buy,1,1,0,0,58,1
and,10,1,0,0,9,10
that,7,1,0,0,3,20
will,10,1,0,0,25,38
keep,1,1,0,0,165,1
rates,2,1,0,0,82,14
from,5,1,0,0,29,54
rising,1,1,0,0,108,11
too,4,1,0,0,7,1
much,3,1,0,0,136,44
;,9,1,0,0,4,4
",9,1,0,0,21,28
said,1,1,0,0,12,27
one,8,1,0,0,16,51
dealer,2,1,0,0,28,8
.,9,1,0,0,5,5
