An,7,1,1,0,9,15
Ivorian,3,1,1,0,1,15
journalist,2,1,0,0,118,19
spent,1,1,0,0,85,25
a,7,1,0,0,10,16
third,3,1,0,0,3,76
day,2,1,0,0,87,24
in,5,1,0,0,6,9
custody,2,1,0,0,113,141
on,5,1,0,0,16,7
Wednesday,2,1,1,0,27,24
and,10,1,0,0,9,10
investigators,2,1,0,0,6,34
were,1,1,0,0,27,22
demanding,1,1,0,0,28,11
that,5,1,0,0,3,20
he,6,1,0,0,30,3
reveal,1,1,0,0,15,23
the,7,1,0,0,3,3
source,2,1,0,0,50,33
of,5,1,0,0,8,13
an,7,1,0,0,9,15
official,2,1,0,0,8,23
document,2,1,0,0,83,25
published,1,1,0,0,143,6
in,5,1,0,0,6,9
his,6,1,0,0,51,31
newspaper,2,1,0,0,36,8
;,9,1,0,0,4,4
colleagues,2,1,0,0,11,14
said,1,1,0,0,12,27
.,9,1,0,0,5,5
