Fulcheri,10,1,1,0,152,1
declined,1,1,0,0,28,6
comment,2,1,0,0,11,25
on,5,1,0,0,16,7
the,7,1,0,0,3,3
differences,2,1,0,0,54,14
between,5,1,0,0,17,26
the,7,1,0,0,3,3
U.N.,2,1,1,0,111,1
and,10,1,0,0,9,10
Iraq,2,1,1,0,144,1
;,9,1,0,0,4,4
saying,1,1,0,0,12,11
only,4,1,0,0,16,36
:,9,1,0,0,84,69
",9,1,0,0,21,28
There,10,1,1,0,3,22
are,1,1,0,0,53,22
several,3,1,0,0,22,23
different,3,1,0,0,54,25
things,2,1,0,0,3,104
which,7,1,0,0,35,44
still,4,1,0,0,23,38
need,1,1,0,0,36,6
to,10,1,0,0,7,12
be,1,1,0,0,17,78
done,1,1,0,0,83,51
.,9,1,0,0,5,5
",9,1,0,0,21,28
