Chirac,2,1,1,0,42,1
said,1,1,0,0,12,27
Burkina,2,1,1,0,58,85
Faso,2,1,1,0,97,114
President,2,1,1,0,24,25
Blaise,2,1,1,0,155,48
Compaore,2,1,1,0,11,22
would,10,1,0,0,49,37
visit,1,1,0,0,103,46
Bangui,2,1,1,0,46,1
",9,1,0,0,21,28
in,5,1,0,0,6,9
the,7,1,0,0,3,3
coming,1,1,0,0,11,11
hours,2,1,0,0,65,34
",9,1,0,0,21,28
with,5,1,0,0,25,32
the,7,1,0,0,3,3
heads,2,1,0,0,30,70
of,5,1,0,0,8,13
state,2,1,0,0,23,50
of,5,1,0,0,8,13
Gabon,2,1,1,0,98,7
;,9,1,0,0,4,4
Mali,2,1,1,0,20,167
and,10,1,0,0,9,10
Chad,2,1,1,0,42,52
to,10,1,0,0,7,12
try,1,1,0,0,67,53
and,10,1,0,0,9,10
establish,1,1,0,0,184,83
dialogue,2,1,0,0,54,86
between,5,1,0,0,17,26
authorities,2,1,0,0,96,14
and,10,1,0,0,9,10
rebels,2,1,0,0,15,66
.,9,1,0,0,5,5
