Derek,2,1,1,0,28,120
da,2,1,0,0,87,118
Cunha,2,1,1,0,113,1
;,9,1,0,0,4,4
senior,3,1,0,0,22,30
fellow,2,1,0,0,109,91
at,5,1,0,0,34,20
the,7,1,0,0,3,3
Institute,2,1,1,0,6,50
of,5,1,0,0,8,13
Policy,2,1,1,0,43,135
Studies,2,1,1,0,23,14
(,9,1,0,0,13,17
ISEAS,2,1,1,1,56,21
),9,1,0,0,14,18
;,9,1,0,0,4,4
said,1,1,0,0,12,27
Singapore,2,1,1,0,73,22
's,10,1,0,0,32,35
hosting,1,1,0,0,65,11
of,5,1,0,0,8,13
the,7,1,0,0,3,3
conference,2,1,0,0,11,33
",9,1,0,0,21,28
carries,1,1,0,0,38,14
a,7,1,0,0,10,16
great,3,1,0,0,81,20
deal,2,1,0,0,28,23
of,5,1,0,0,8,13
symbolism,2,1,0,0,198,1
for,5,1,0,0,18,30
the,7,1,0,0,3,3
city-state,3,1,0,0,146,50
;,9,1,0,0,4,4
underscoring,1,1,0,0,70,11
its,6,1,0,0,47,29
commitment,2,1,0,0,11,25
to,10,1,0,0,7,12
free,3,1,0,0,29,88
trade,2,1,0,0,67,74
and,10,1,0,0,9,10
its,6,1,0,0,47,29
trading,2,1,0,0,67,11
links,2,1,0,0,86,98
across,5,1,0,0,112,75
the,7,1,0,0,3,3
globe,2,1,0,0,1,78
.,9,1,0,0,5,5
",9,1,0,0,21,28
