",9,1,0,0,21,28
Export,2,1,1,0,89,67
deals,2,1,0,0,28,66
remained,1,1,0,0,15,6
thin,3,1,0,0,3,9
and,10,1,0,0,9,10
hardly,4,1,0,0,19,36
a,7,1,0,0,10,16
few,3,1,0,0,109,73
thousand,8,1,0,0,3,10
bales,2,1,0,0,46,14
were,1,1,0,0,27,22
traded,1,1,0,0,67,6
at,5,1,0,0,34,20
the,7,1,0,0,3,3
rate,2,1,0,0,82,50
of,5,1,0,0,8,13
57.50,8,1,0,0,1,164
/,10,1,0,0,168,132
60,8,1,0,0,1,1
cents,2,1,0,0,122,29
per,5,1,0,0,52,8
pound,2,1,0,0,43,10
;,9,1,0,0,4,4
",9,1,0,0,21,28
one,8,1,0,0,16,51
broker,2,1,0,0,68,8
said,1,1,0,0,12,27
.,9,1,0,0,5,5
