",9,1,0,0,21,28
The,7,1,1,0,3,3
meeting,2,1,0,0,64,11
between,5,1,0,0,17,26
Peres,2,1,1,0,52,14
and,10,1,0,0,9,10
Arafat,2,1,1,0,53,20
will,10,1,0,0,25,38
take,1,1,0,0,78,92
place,2,1,0,0,76,33
at,5,1,0,0,34,20
Erez,2,1,1,0,1,1
checkpoint,2,1,0,0,42,25
in,5,1,0,0,6,9
Gaza,2,1,1,0,98,1
and,10,1,0,0,9,10
not,4,1,0,0,40,64
in,5,1,0,0,6,9
Ramallah,2,1,1,0,82,1
as,5,1,0,0,66,21
planned,1,1,0,0,76,6
;,9,1,0,0,4,4
",9,1,0,0,21,28
Peres,2,1,1,0,52,14
',10,1,0,0,189,180
office,2,1,0,0,8,33
said,1,1,0,0,12,27
.,9,1,0,0,5,5
