The,7,1,1,0,3,3
Brazilian,3,1,1,0,68,15
Senate,2,1,1,0,22,50
Wednesday,2,1,1,0,27,24
agreed,1,1,0,0,91,6
to,10,1,0,0,7,12
shelve,1,1,0,0,63,41
a,7,1,0,0,10,16
bill,2,1,0,0,127,38
linking,1,1,0,0,86,11
the,7,1,0,0,3,3
privatization,2,1,0,0,24,7
of,5,1,0,0,8,13
mining,1,1,0,0,33,11
conglomerate,2,1,0,0,11,50
Vale,2,1,1,0,164,39
do,1,1,0,0,83,136
Rio,2,1,1,0,108,184
Doce,2,1,1,0,83,33
to,10,1,0,0,7,12
congressional,3,1,0,0,11,23
approval,2,1,0,0,161,23
;,9,1,0,0,4,4
officials,2,1,0,0,8,66
said,1,1,0,0,12,27
.,9,1,0,0,5,5
