",9,1,0,0,21,28
I,6,1,1,1,135,107
think,1,1,0,0,3,119
initially,4,1,0,0,6,36
some,7,1,0,0,50,47
stocks,2,1,0,0,23,98
will,10,1,0,0,25,38
trade,1,1,0,0,67,74
up,10,1,0,0,131,68
on,5,1,0,0,16,7
sympathy,2,1,0,0,198,1
;,9,1,0,0,4,4
but,10,1,0,0,58,43
the,7,1,0,0,3,3
wild,3,1,0,0,25,37
premium,2,1,0,0,24,127
NationsBank,2,1,1,0,102,119
put,1,1,0,0,143,43
on,5,1,0,0,16,7
this,7,1,0,0,3,31
deal,2,1,0,0,28,23
here,4,1,0,0,30,22
;,9,1,0,0,4,4
I,6,1,1,1,135,107
do,1,1,0,0,83,136
n't,4,1,0,0,1,1
see,1,1,0,0,22,88
a,7,1,0,0,10,16
lot,2,1,0,0,59,64
of,5,1,0,0,8,13
other,3,1,0,0,178,8
deals,2,1,0,0,28,66
being,1,1,0,0,17,11
done,1,1,0,0,83,51
at,5,1,0,0,34,20
this,7,1,0,0,3,31
premium,2,1,0,0,24,127
;,9,1,0,0,4,4
",9,1,0,0,21,28
said,1,1,0,0,12,27
Michael,2,1,1,0,33,80
Durante,2,1,1,0,124,50
;,9,1,0,0,4,4
analyst,2,1,0,0,9,19
at,5,1,0,0,34,20
McDonald,2,1,1,0,1,37
&,10,1,0,0,1,1
Co,2,1,1,0,11,147
.,9,1,0,0,5,5
