In,5,1,1,0,6,9
proposing,1,1,0,0,24,11
the,7,1,0,0,3,3
rules,2,1,0,0,90,14
last,3,1,0,0,57,19
year,2,1,0,0,94,55
;,9,1,0,0,4,4
the,7,1,0,0,3,3
SEC,2,1,1,1,22,1
noted,1,1,0,0,40,6
that,5,1,0,0,3,20
while,5,1,0,0,35,39
technology,2,1,0,0,77,1
has,1,1,0,0,19,21
improved,1,1,0,0,153,6
;,9,1,0,0,4,4
commonplace,3,1,0,0,11,33
practices,2,1,0,0,24,14
still,4,1,0,0,23,38
existed,1,1,0,0,89,6
that,7,1,0,0,3,20
worked,1,1,0,0,49,6
against,5,1,0,0,91,19
investors,2,1,0,0,6,34
',10,1,0,0,189,180
best,3,1,0,0,17,19
interests,2,1,0,0,6,29
.,9,1,0,0,5,5
