",9,1,0,0,21,28
The,7,1,1,0,3,3
FOMC,2,1,1,1,18,1
(,9,1,0,0,13,17
Federal,2,1,1,0,109,23
Open,2,1,1,0,117,26
Market,2,1,1,0,20,57
Committee,2,1,1,0,11,88
),9,1,0,0,14,18
has,1,1,0,0,19,21
been,1,1,0,0,17,26
forecasting,1,1,0,0,18,11
a,7,1,0,0,10,16
slowing,2,1,0,0,163,11
in,5,1,0,0,6,9
economic,3,1,0,0,1,71
activity,2,1,0,0,112,59
and,10,1,0,0,9,10
moderating,1,1,0,0,37,11
household,2,1,0,0,65,37
demand,2,1,0,0,28,10
will,10,1,0,0,25,38
have,1,1,0,0,19,41
a,7,1,0,0,10,16
large,3,1,0,0,57,77
impact,2,1,0,0,153,100
on,5,1,0,0,16,7
overall,3,1,0,0,110,38
economic,3,1,0,0,1,71
growth,2,1,0,0,81,32
;,9,1,0,0,4,4
",9,1,0,0,21,28
Naroff,2,1,1,0,102,129
said,1,1,0,0,12,27
in,5,1,0,0,6,9
a,7,1,0,0,10,16
written,1,1,0,0,1,26
comment,2,1,0,0,11,25
.,9,1,0,0,5,5
