Reuters,2,1,1,0,15,34
correspondent,2,1,0,0,11,25
Lawrence,2,1,1,0,57,33
Sheets,2,1,1,0,63,29
;,9,1,0,0,4,4
speaking,1,1,0,0,85,11
from,5,1,0,0,29,54
the,7,1,0,0,3,3
nearby,3,1,0,0,36,61
village,2,1,0,0,103,77
of,5,1,0,0,8,13
Alkhan-Yurt,2,1,1,0,55,67
;,9,1,0,0,4,4
said,1,1,0,0,12,27
he,6,1,0,0,30,3
had,1,1,0,0,19,52
heard,1,1,0,0,30,76
little,3,1,0,0,86,39
from,5,1,0,0,29,54
Grozny,2,1,1,0,81,79
since,5,1,0,0,73,33
Wednesday,2,1,1,0,27,24
evening,2,1,0,0,179,11
's,10,1,0,0,32,35
arrival,2,1,0,0,53,23
of,5,1,0,0,8,13
Russian,3,1,1,0,90,15
security,2,1,0,0,22,59
chief,2,1,0,0,42,1
Alexander,2,1,1,0,55,8
Lebed,2,1,1,0,48,6
;,9,1,0,0,4,4
who,6,1,0,0,35,90
said,1,1,0,0,12,27
he,6,1,0,0,30,3
",9,1,0,0,21,28
came,1,1,0,0,38,47
with,5,1,0,0,25,32
peace,2,1,0,0,52,33
",9,1,0,0,21,28
.,9,1,0,0,5,5
