Interior,2,1,1,0,6,30
Minister,2,1,1,0,33,8
Manfred,2,1,1,0,20,6
Kanther,2,1,1,0,158,8
said,1,1,0,0,12,27
in,5,1,0,0,6,9
a,7,1,0,0,10,16
statement,2,1,0,0,23,25
he,6,1,0,0,30,3
",9,1,0,0,21,28
welcomed,1,1,0,0,27,6
the,7,1,0,0,3,3
prosecution,2,1,0,0,24,7
and,10,1,0,0,9,10
conviction,2,1,0,0,11,7
of,5,1,0,0,8,13
one,8,1,0,0,16,51
of,5,1,0,0,8,13
the,7,1,0,0,3,3
ringleaders,2,1,0,0,108,34
of,5,1,0,0,8,13
international,3,1,0,0,6,23
neo-Nazism,2,1,0,0,36,1
and,10,1,0,0,9,10
biggest,3,1,0,0,127,19
distributers,2,1,0,0,54,34
of,5,1,0,0,8,13
vicious,3,1,0,0,103,94
racist,3,1,0,0,82,19
publications,2,1,0,0,143,40
",9,1,0,0,21,28
.,9,1,0,0,5,5
