But,10,1,1,0,58,43
in,5,1,0,0,6,9
a,7,1,0,0,10,16
demonstration,2,1,0,0,28,7
of,5,1,0,0,8,13
",9,1,0,0,21,28
yogic,3,1,0,0,133,71
flying,1,1,0,0,154,11
",9,1,0,0,21,28
several,3,1,0,0,22,23
years,2,1,0,0,94,34
ago,4,1,0,0,91,109
;,9,1,0,0,4,4
critics,2,1,0,0,106,1
said,1,1,0,0,12,27
the,7,1,0,0,3,3
people,2,1,0,0,52,39
were,1,1,0,0,27,22
merely,4,1,0,0,64,36
bouncing,1,1,0,0,61,11
off,10,1,0,0,8,129
the,7,1,0,0,3,3
ground,2,1,0,0,81,10
from,5,1,0,0,29,54
a,7,1,0,0,10,16
sitting,2,1,0,0,73,11
position,2,1,0,0,43,7
.,9,1,0,0,5,5
