Hundreds,2,1,1,0,150,70
of,5,1,0,0,8,13
police,2,1,0,0,43,33
raided,1,1,0,0,82,6
the,7,1,0,0,3,3
Dhaka,2,1,1,0,1,191
university,2,1,0,0,70,59
on,5,1,0,0,16,7
Sunday,2,1,1,0,60,24
;,9,1,0,0,4,4
arresting,1,1,0,0,53,11
nearly,4,1,0,0,36,36
30,8,1,0,0,180,125
outsiders,2,1,0,0,100,34
who,6,1,0,0,35,90
had,1,1,0,0,19,52
been,1,1,0,0,17,26
living,1,1,0,0,86,11
in,5,1,0,0,6,9
student,2,1,0,0,23,25
dormitories,2,1,0,0,83,14
and,10,1,0,0,9,10
seizing,1,1,0,0,22,11
weapons,2,1,0,0,27,40
;,9,1,0,0,4,4
university,2,1,0,0,70,59
officials,2,1,0,0,8,66
said,1,1,0,0,12,27
.,9,1,0,0,5,5
