He,6,1,1,0,30,3
later,4,1,0,0,57,8
discussed,1,1,0,0,54,6
with,5,1,0,0,25,32
rebel,2,1,0,0,15,80
chief-of-staff,2,1,0,0,42,129
Aslan,2,1,1,0,66,15
Maskhadov,2,1,1,0,20,1
a,7,1,0,0,10,16
framework,2,1,0,0,29,97
political,3,1,0,0,43,23
agreement,2,1,0,0,91,25
to,10,1,0,0,7,12
tackle,1,1,0,0,78,39
the,7,1,0,0,3,3
most,4,1,0,0,37,19
painful,3,1,0,0,41,155
issue,2,1,0,0,56,86
of,5,1,0,0,8,13
the,7,1,0,0,3,3
20-month,3,1,0,0,139,32
war,2,1,0,0,26,55
--,9,1,0,0,130,106
the,7,1,0,0,3,3
future,3,1,0,0,152,22
political,3,1,0,0,43,23
status,2,1,0,0,23,94
of,5,1,0,0,8,13
Chechnya,2,1,1,0,42,185
.,9,1,0,0,5,5
