Both,7,1,1,0,61,32
sources,2,1,0,0,50,14
said,1,1,0,0,12,27
Bre-X,2,1,1,0,68,1
and,10,1,0,0,9,10
Barrick,2,1,1,0,46,82
did,1,1,0,0,54,27
not,4,1,0,0,40,64
hold,1,1,0,0,65,37
talks,2,1,0,0,78,98
on,5,1,0,0,16,7
Thursday,2,1,1,0,3,24
with,5,1,0,0,25,32
Mines,2,1,1,0,33,14
and,10,1,0,0,9,10
Energy,2,1,1,0,92,1
Ministry,2,1,1,0,33,53
Secretary-General,2,1,1,0,22,23
Umar,2,1,1,0,1,55
Said,1,1,1,0,12,27
;,9,1,0,0,4,4
who,6,1,0,0,35,90
is,1,1,0,0,56,31
coordinating,1,1,0,0,11,11
the,7,1,0,0,3,3
negotiations,2,1,0,0,36,40
over,5,1,0,0,110,8
the,7,1,0,0,3,3
Busang,2,1,1,0,58,11
find,1,1,0,0,39,10
in,5,1,0,0,6,9
East,2,1,1,0,119,19
Kalimantan,2,1,1,0,158,15
.,9,1,0,0,5,5
