Hooded,1,1,1,0,65,6
protesters,2,1,0,0,24,34
threw,1,1,0,0,3,73
burning,1,1,0,0,58,11
bottles,2,1,0,0,61,14
and,10,1,0,0,9,10
other,3,1,0,0,178,8
objects,2,1,0,0,1,29
at,5,1,0,0,34,20
police,2,1,0,0,43,33
in,5,1,0,0,6,9
Pamplona,2,1,1,0,41,85
after,5,1,0,0,79,8
the,7,1,0,0,3,3
protest,2,1,0,0,24,19
organised,1,1,0,0,116,6
by,5,1,0,0,75,61
Herri,2,1,1,0,30,1
Batasuna,2,1,1,0,46,85
;,9,1,0,0,4,4
the,7,1,0,0,3,3
political,3,1,0,0,43,23
wing,2,1,0,0,25,11
of,5,1,0,0,8,13
Basque,3,1,1,0,46,86
separatist,3,1,0,0,22,19
group,2,1,0,0,81,68
ETA,2,1,1,1,1,108
.,9,1,0,0,5,5
