The,7,1,1,0,3,3
Burundi,2,1,1,0,58,1
team,2,1,0,0,77,89
were,1,1,0,0,27,22
unable,3,1,0,0,70,39
to,10,1,0,0,7,12
leave,1,1,0,0,48,41
their,6,1,0,0,3,84
troubled,3,1,0,0,67,6
country,2,1,0,0,11,53
for,5,1,0,0,18,30
a,7,1,0,0,10,16
preliminary,3,1,0,0,24,53
round,3,1,0,0,80,10
first,3,1,0,0,39,19
leg,2,1,0,0,48,1
match,2,1,0,0,20,44
in,5,1,0,0,6,9
Bangui,2,1,1,0,46,1
earlier,4,1,0,0,119,8
this,7,1,0,0,3,31
month,2,1,0,0,37,32
because,5,1,0,0,17,48
of,5,1,0,0,8,13
an,7,1,0,0,9,15
air,2,1,0,0,156,84
ban,2,1,0,0,46,15
imposed,1,1,0,0,153,6
in,5,1,0,0,6,9
a,7,1,0,0,10,16
recent,3,1,0,0,15,25
set,2,1,0,0,22,57
of,5,1,0,0,8,13
internationally-sponsored,3,1,0,0,6,6
sanctions,2,1,0,0,12,40
.,9,1,0,0,5,5
