Brazil,2,1,1,0,68,95
's,10,1,0,0,32,35
most,4,1,0,0,37,19
sought-after,3,1,0,0,50,8
beauty,2,1,0,0,17,59
treatment,2,1,0,0,67,25
is,1,1,0,0,56,31
liposuction,2,1,0,0,86,7
in,5,1,0,0,6,9
which,7,1,0,0,35,44
fat,3,1,0,0,97,20
is,1,1,0,0,56,31
sucked,1,1,0,0,60,6
away,4,1,0,0,1,24
from,5,1,0,0,29,54
areas,2,1,0,0,53,21
of,5,1,0,0,8,13
the,7,1,0,0,3,3
body,2,1,0,0,61,141
;,9,1,0,0,4,4
with,5,1,0,0,25,32
about,5,1,0,0,121,43
30;000,8,1,0,0,180,62
operations,2,1,0,0,117,40
a,7,1,0,0,10,16
year,2,1,0,0,94,55
at,5,1,0,0,34,20
a,7,1,0,0,10,16
cost,2,1,0,0,11,19
of,5,1,0,0,8,13
$,9,1,0,0,129,105
3;000,8,1,0,0,1,62
to,10,1,0,0,7,12
$,9,1,0,0,129,105
4;000,8,1,0,0,1,62
each,7,1,0,0,119,44
.,9,1,0,0,5,5
