",9,1,0,0,21,28
Campo,2,1,1,0,38,1
has,1,1,0,0,19,21
a,7,1,0,0,10,16
massive,3,1,0,0,20,41
following,2,1,0,0,18,11
in,5,1,0,0,6,9
this,7,1,0,0,3,31
country,2,1,0,0,11,53
and,10,1,0,0,9,10
has,1,1,0,0,19,21
had,1,1,0,0,19,52
the,7,1,0,0,3,3
public,3,1,0,0,143,71
with,5,1,0,0,25,32
him,6,1,0,0,51,116
ever,4,1,0,0,179,8
since,5,1,0,0,73,33
he,6,1,0,0,30,3
first,4,1,0,0,39,19
played,1,1,0,0,76,6
here,4,1,0,0,30,22
in,5,1,0,0,6,9
1984,8,1,0,0,31,1
;,9,1,0,0,4,4
",9,1,0,0,21,28
said,1,1,0,0,12,27
Andrew,2,1,1,0,9,73
;,9,1,0,0,4,4
also,4,1,0,0,55,114
likely,3,1,0,0,86,36
to,10,1,0,0,7,12
be,1,1,0,0,17,78
making,1,1,0,0,20,11
his,6,1,0,0,51,31
final,3,1,0,0,39,23
Twickenham,2,1,1,0,104,89
appearance,2,1,0,0,161,33
.,9,1,0,0,5,5
