",9,1,0,0,21,28
There,10,1,1,0,3,22
will,10,1,0,0,25,38
be,1,1,0,0,17,78
on,5,1,0,0,16,7
the,7,1,0,0,3,3
whole,2,1,0,0,35,39
a,7,1,0,0,10,16
slightly,4,1,0,0,163,36
upward,4,1,0,0,131,76
climb,1,1,0,0,95,1
;,9,1,0,0,4,4
consistent,3,1,0,0,11,25
with,5,1,0,0,25,32
our,6,1,0,0,100,101
economic,3,1,0,0,1,71
growth,2,1,0,0,81,32
rate,2,1,0,0,82,50
;,9,1,0,0,4,4
",9,1,0,0,21,28
he,6,1,0,0,30,3
said,1,1,0,0,12,27
in,5,1,0,0,6,9
reference,2,1,0,0,15,33
to,10,1,0,0,7,12
the,7,1,0,0,3,3
property,2,1,0,0,24,59
market,2,1,0,0,20,57
.,9,1,0,0,5,5
