Speculation,2,1,1,0,85,7
that,5,1,0,0,3,20
Rubin,2,1,1,0,90,9
might,10,1,0,0,33,81
not,4,1,0,0,40,64
stay,1,1,0,0,23,24
in,5,1,0,0,6,9
his,6,1,0,0,51,31
post,2,1,0,0,43,19
grew,1,1,0,0,81,73
after,5,1,0,0,79,8
he,6,1,0,0,30,3
sidestepped,1,1,0,0,73,6
questions,2,1,0,0,126,40
about,5,1,0,0,121,43
any,7,1,0,0,9,79
future,3,1,0,0,152,22
Cabinet,2,1,1,0,38,57
post,2,1,0,0,43,19
during,5,1,0,0,124,11
television,2,1,0,0,77,7
interviews,2,1,0,0,6,150
at,5,1,0,0,34,20
the,7,1,0,0,3,3
Democratic,3,1,1,0,28,71
convention,2,1,0,0,11,7
in,5,1,0,0,6,9
Chicago,2,1,1,0,42,109
this,7,1,0,0,3,31
week,2,1,0,0,27,120
.,9,1,0,0,5,5
