The,7,1,1,0,3,3
F.A.I.,2,1,1,0,1,1
statement,2,1,0,0,23,25
said,1,1,0,0,12,27
that,5,1,0,0,3,20
Liverpool,2,1,1,0,86,149
striker,2,1,0,0,23,8
Mark,2,1,1,0,20,97
Kennedy,2,1,1,0,165,141
and,10,1,0,0,9,10
Chelsea,2,1,1,0,42,172
defender,2,1,0,0,28,8
Terry,2,1,1,0,77,53
Phelan,2,1,1,0,191,15
were,1,1,0,0,27,22
both,7,1,0,0,61,32
receiving,1,1,0,0,15,11
treatment,2,1,0,0,67,25
for,5,1,0,0,18,30
injuries,2,1,0,0,6,14
and,10,1,0,0,9,10
would,10,1,0,0,49,37
not,4,1,0,0,40,64
be,1,1,0,0,17,78
travelling,1,1,0,0,67,11
to,10,1,0,0,7,12
Liechenstein,2,1,1,0,86,9
for,5,1,0,0,18,30
the,7,1,0,0,3,3
game,2,1,0,0,98,47
.,9,1,0,0,5,5
