Ingram,2,1,1,0,6,89
was,1,1,0,0,26,21
quoted,1,1,0,0,126,6
as,5,1,0,0,66,21
telling,1,1,0,0,77,11
the,7,1,0,0,3,3
newspaper,2,1,0,0,36,8
he,6,1,0,0,30,3
thought,1,1,0,0,3,81
astrology,2,1,0,0,66,1
was,1,1,0,0,26,21
",9,1,0,0,21,28
a,7,1,0,0,10,16
load,2,1,0,0,59,52
of,5,1,0,0,8,13
rubbish,2,1,0,0,90,83
",9,1,0,0,21,28
and,10,1,0,0,9,10
that,5,1,0,0,3,20
he,6,1,0,0,30,3
could,10,1,0,0,11,37
not,4,1,0,0,40,64
recall,1,1,0,0,15,38
asking,1,1,0,0,66,11
Orr,2,1,1,0,116,1
to,10,1,0,0,7,12
keep,1,1,0,0,165,1
a,7,1,0,0,10,16
watch,2,1,0,0,26,44
on,5,1,0,0,16,7
Thatcher,2,1,1,0,3,8
's,10,1,0,0,32,35
stars,2,1,0,0,23,34
.,9,1,0,0,5,5
