",9,1,0,0,21,28
Singapore,2,1,1,0,73,22
stands,1,1,0,0,23,70
to,10,1,0,0,7,12
benefit,1,1,0,0,17,46
more,3,1,0,0,37,22
than,5,1,0,0,3,15
most,4,1,0,0,37,19
from,5,1,0,0,29,54
continued,3,1,0,0,11,6
global,3,1,0,0,1,23
trade,2,1,0,0,67,74
liberalisation,2,1,0,0,86,7
as,5,1,0,0,66,21
trade,2,1,0,0,67,74
is,1,1,0,0,56,31
the,7,1,0,0,3,3
engine,2,1,0,0,92,51
of,5,1,0,0,8,13
its,6,1,0,0,47,29
growth,2,1,0,0,81,32
;,9,1,0,0,4,4
accounting,1,1,0,0,112,11
for,5,1,0,0,18,30
nearly,4,1,0,0,36,36
three,8,1,0,0,3,88
times,2,1,0,0,107,14
its,6,1,0,0,47,29
gross,3,1,0,0,81,75
domestic,3,1,0,0,83,71
product,2,1,0,0,24,100
.,9,1,0,0,5,5
",9,1,0,0,21,28
