",9,1,0,0,21,28
I,6,1,1,1,135,107
extend,1,1,0,0,89,10
the,7,1,0,0,3,3
deepest,3,1,0,0,28,19
gratitude,2,1,0,0,81,74
...,9,1,0,0,1,1
to,10,1,0,0,7,12
your,6,1,0,0,133,101
excellency,2,1,0,0,89,135
for,5,1,0,0,18,30
your,6,1,0,0,133,101
untiring,1,1,0,0,70,11
and,10,1,0,0,9,10
invaluable,3,1,0,0,6,39
friendship,2,1,0,0,29,151
and,10,1,0,0,9,10
support,2,1,0,0,60,67
;,9,1,0,0,4,4
",9,1,0,0,21,28
Ramos,2,1,1,0,82,143
told,1,1,0,0,7,37
Suharto,2,1,1,0,60,12
in,5,1,0,0,6,9
a,7,1,0,0,10,16
letter,2,1,0,0,48,8
.,9,1,0,0,5,5
