Belgian,3,1,1,0,17,15
media,2,1,0,0,64,49
speculated,1,1,0,0,85,6
that,5,1,0,0,3,20
Dutroux,2,1,1,0,124,1
;,9,1,0,0,4,4
charged,1,1,0,0,42,6
with,5,1,0,0,25,32
abduction,2,1,0,0,121,7
and,10,1,0,0,9,10
illegal,3,1,0,0,1,23
imprisonment,2,1,0,0,153,25
of,5,1,0,0,8,13
children,2,1,0,0,42,26
;,9,1,0,0,4,4
must,10,1,0,0,136,19
have,1,1,0,0,19,41
had,1,1,0,0,19,52
high,3,1,0,0,51,113
level,2,1,0,0,48,80
protection,2,1,0,0,24,7
to,10,1,0,0,7,12
molest,1,1,0,0,37,19
youngsters,2,1,0,0,133,34
.,9,1,0,0,5,5
