",9,1,0,0,21,28
Since,5,1,1,0,73,33
Mauritania,2,1,1,0,20,49
has,1,1,0,0,19,21
been,1,1,0,0,17,26
eliminated,1,1,0,0,149,6
on,5,1,0,0,16,7
all,7,1,0,0,55,38
fronts,2,1,0,0,29,29
and,10,1,0,0,9,10
the,7,1,0,0,3,3
next,3,1,0,0,36,197
commitments,2,1,0,0,11,29
are,1,1,0,0,53,22
not,4,1,0,0,40,64
for,5,1,0,0,18,30
another,7,1,0,0,9,8
two,8,1,0,0,104,99
years,2,1,0,0,94,34
;,9,1,0,0,4,4
we,6,1,0,0,27,110
have,1,1,0,0,19,41
reason,2,1,0,0,15,7
to,10,1,0,0,7,12
take,1,1,0,0,78,92
a,7,1,0,0,10,16
break,2,1,0,0,68,195
;,9,1,0,0,4,4
",9,1,0,0,21,28
federation,2,1,0,0,109,7
president,2,1,0,0,24,25
Mohamed,2,1,1,0,37,6
Lemine,2,1,1,0,48,51
Cheiguer,2,1,1,0,42,8
said,1,1,0,0,12,27
.,9,1,0,0,5,5
