Armoured,3,1,1,0,53,6
cars,2,1,0,0,38,34
had,1,1,0,0,19,52
patrolled,1,1,0,0,41,6
streets,2,1,0,0,23,29
in,5,1,0,0,6,9
Karak,2,1,1,0,158,195
;,9,1,0,0,4,4
traditional,3,1,0,0,67,23
bastion,2,1,0,0,46,7
of,5,1,0,0,8,13
communist,3,1,0,0,11,19
ideology,2,1,0,0,1,1
and,10,1,0,0,9,10
Baath,2,1,1,0,46,32
socialism,2,1,0,0,50,1
that,7,1,0,0,3,20
swept,1,1,0,0,167,194
the,7,1,0,0,3,3
region,2,1,0,0,15,7
in,5,1,0,0,6,9
the,7,1,0,0,3,3
1950s,2,1,0,0,31,1
;,9,1,0,0,4,4
and,10,1,0,0,9,10
guarded,1,1,0,0,148,6
entrances,2,1,0,0,92,14
to,10,1,0,0,7,12
the,7,1,0,0,3,3
hill-top,3,1,0,0,51,187
city,2,1,0,0,146,59
famed,1,1,0,0,97,6
for,5,1,0,0,18,30
its,6,1,0,0,47,29
Crusader,2,1,1,0,106,8
castle,2,1,0,0,38,39
before,5,1,0,0,17,22
the,7,1,0,0,3,3
prayers,2,1,0,0,24,34
.,9,1,0,0,5,5
