",9,1,0,0,21,28
If,5,1,1,0,194,173
there,10,1,0,0,3,22
is,1,1,0,0,56,31
unusual,3,1,0,0,70,23
activity,2,1,0,0,112,59
;,9,1,0,0,4,4
certainly,4,1,0,0,122,36
we,6,1,0,0,27,110
look,1,1,0,0,59,188
at,5,1,0,0,34,20
it,6,1,0,0,47,46
;,9,1,0,0,4,4
but,10,1,0,0,58,43
that,7,1,0,0,3,20
's,1,1,0,0,32,35
not,4,1,0,0,40,64
to,10,1,0,0,7,12
say,1,1,0,0,12,24
we,6,1,0,0,27,110
're,1,1,0,0,1,22
doing,1,1,0,0,83,11
anything,2,1,0,0,9,11
official,2,1,0,0,8,23
;,9,1,0,0,4,4
",9,1,0,0,21,28
he,6,1,0,0,30,3
said,1,1,0,0,12,27
.,9,1,0,0,5,5
