U.S.,2,1,1,0,111,87
Ambassador,2,1,1,0,138,30
Myles,2,1,1,0,1,14
Frechette,2,1,1,0,29,50
applauded,1,1,0,0,161,6
the,7,1,0,0,3,3
move,2,1,0,0,37,41
;,9,1,0,0,4,4
saying,1,1,0,0,12,11
it,6,1,0,0,47,46
could,10,1,0,0,11,37
prompt,1,1,0,0,24,194
the,7,1,0,0,3,3
Clinton,2,1,1,0,95,7
administration,2,1,0,0,128,7
to,10,1,0,0,7,12
remove,1,1,0,0,15,41
Colombia,2,1,1,0,11,49
from,5,1,0,0,29,54
a,7,1,0,0,10,16
list,2,1,0,0,86,19
of,5,1,0,0,8,13
outcast,2,1,0,0,100,19
nations,2,1,0,0,102,40
that,7,1,0,0,3,20
have,1,1,0,0,19,41
failed,1,1,0,0,97,6
to,10,1,0,0,7,12
cooperate,1,1,0,0,11,50
in,5,1,0,0,6,9
U.S.,2,1,1,0,111,87
counternarcotics,2,1,0,0,11,1
efforts,2,1,0,0,1,29
.,9,1,0,0,5,5
