The,7,1,1,0,3,3
president,2,1,0,0,24,25
justified,1,1,0,0,105,6
his,6,1,0,0,51,31
proposal,2,1,0,0,24,23
by,5,1,0,0,75,61
the,7,1,0,0,3,3
delays,2,1,0,0,28,142
verified,1,1,0,0,157,6
in,5,1,0,0,6,9
the,7,1,0,0,3,3
peace,2,1,0,0,52,33
process,2,1,0,0,24,75
;,9,1,0,0,4,4
including,1,1,0,0,6,11
the,7,1,0,0,3,3
fact,2,1,0,0,97,100
that,5,1,0,0,3,20
areas,2,1,0,0,53,21
under,5,1,0,0,70,8
Unita,2,1,1,0,70,108
control,2,1,0,0,11,149
or,10,1,0,0,116,30
occupation,2,1,0,0,1,7
have,1,1,0,0,19,41
not,4,1,0,0,40,64
been,1,1,0,0,17,26
effectively,4,1,0,0,1,36
demilitarised,1,1,0,0,28,6
;,9,1,0,0,4,4
where,4,1,0,0,35,22
the,7,1,0,0,3,3
Unita,2,1,1,0,70,108
military,3,1,0,0,33,53
forces,2,1,0,0,18,14
have,1,1,0,0,19,41
been,1,1,0,0,17,26
substituted,1,1,0,0,60,6
by,5,1,0,0,75,61
their,6,1,0,0,3,84
so-called,3,1,0,0,50,6
police,2,1,0,0,43,33
.,9,1,0,0,5,5
