Students,2,1,1,0,23,29
backed,1,1,0,0,46,6
by,5,1,0,0,75,61
opposition,2,1,0,0,117,7
parties,2,1,0,0,41,14
battled,1,1,0,0,46,6
police,2,1,0,0,43,33
and,10,1,0,0,9,10
burned,1,1,0,0,58,6
an,7,1,0,0,9,15
effigy,2,1,0,0,1,1
of,5,1,0,0,8,13
Prime,2,1,1,0,24,47
Minister,2,1,1,0,33,8
Sheikh,2,1,1,0,63,1
Hasina,2,1,1,0,19,85
during,5,1,0,0,124,11
a,7,1,0,0,10,16
strike,2,1,0,0,23,92
in,5,1,0,0,6,9
the,7,1,0,0,3,3
north,2,1,0,0,40,32
Bangladeshi,2,1,1,0,46,1
town,2,1,0,0,7,96
of,5,1,0,0,8,13
Bogra,2,1,1,0,61,121
on,5,1,0,0,16,7
Sunday,2,1,1,0,60,24
.,9,1,0,0,5,5
