Zairean,3,1,1,0,1,15
Prime,2,1,1,0,24,47
Minister,2,1,1,0,33,8
Kengo,2,1,1,0,165,109
wa,2,1,0,0,26,1
Dondo,2,1,1,0,83,136
said,1,1,0,0,12,27
at,5,1,0,0,34,20
the,7,1,0,0,3,3
end,2,1,0,0,92,10
of,5,1,0,0,8,13
a,7,1,0,0,10,16
visit,2,1,0,0,103,46
to,10,1,0,0,7,12
Rwanda,2,1,1,0,1,118
last,3,1,0,0,57,19
week,2,1,0,0,27,120
that,5,1,0,0,3,20
the,7,1,0,0,3,3
Zairean,3,1,1,0,1,15
and,10,1,0,0,9,10
Rwandan,3,1,1,0,1,15
governments,2,1,0,0,71,29
agreed,1,1,0,0,91,6
on,5,1,0,0,16,7
an,7,1,0,0,9,15
",9,1,0,0,21,28
organised,1,1,0,0,116,6
;,9,1,0,0,4,4
massive,3,1,0,0,20,41
and,10,1,0,0,9,10
unconditional,3,1,0,0,70,23
repatriation,2,1,0,0,15,7
",9,1,0,0,21,28
of,5,1,0,0,8,13
the,7,1,0,0,3,3
1.1,8,1,0,0,173,1
million,8,1,0,0,33,7
Rwandan,3,1,1,0,1,15
refugees,2,1,0,0,15,14
in,5,1,0,0,6,9
Zaire,2,1,1,0,1,22
.,9,1,0,0,5,5
