The,7,1,1,0,3,3
commander,2,1,0,0,11,8
of,5,1,0,0,8,13
Russian,3,1,1,0,90,15
troops,2,1,0,0,67,130
in,5,1,0,0,6,9
Chechnya,2,1,1,0,42,185
;,9,1,0,0,4,4
Vyacheslav,2,1,1,0,1,1
Tikhomirov,2,1,1,0,107,1
;,9,1,0,0,4,4
and,10,1,0,0,9,10
Chechen,2,1,1,0,42,26
rebel,2,1,0,0,15,80
chief-of-staff,2,1,0,0,42,129
Aslan,2,1,1,0,66,15
Mashadov,2,1,1,0,20,1
signed,1,1,0,0,73,6
the,7,1,0,0,3,3
deal,2,1,0,0,28,23
under,5,1,0,0,70,8
which,7,1,0,0,35,44
the,7,1,0,0,3,3
troop,2,1,0,0,67,187
withdrawal,2,1,0,0,25,23
is,1,1,0,0,56,31
to,10,1,0,0,7,12
resume,1,1,0,0,15,47
on,5,1,0,0,16,7
Wednesday,2,1,1,0,27,24
.,9,1,0,0,5,5
