Supple,2,1,1,0,60,39
said,1,1,0,0,12,27
hosting,1,1,0,0,65,11
the,7,1,0,0,3,3
meeting,2,1,0,0,64,11
carried,1,1,0,0,38,6
prestige,2,1,0,0,24,77
for,5,1,0,0,18,30
Singapore,2,1,1,0,73,22
;,9,1,0,0,4,4
",9,1,0,0,21,28
however,4,1,0,0,65,8
;,9,1,0,0,4,4
this,7,1,0,0,3,31
is,1,1,0,0,56,31
quite,4,1,0,0,126,50
intangible,3,1,0,0,6,39
as,5,1,0,0,66,21
the,7,1,0,0,3,3
prestige,2,1,0,0,24,77
factor,2,1,0,0,97,30
may,10,1,0,0,20,24
not,4,1,0,0,40,64
necessarily,4,1,0,0,36,36
lead,1,1,0,0,48,52
to,10,1,0,0,7,12
any,7,1,0,0,9,79
additional,3,1,0,0,128,23
investment,2,1,0,0,6,25
and,10,1,0,0,9,10
trade,2,1,0,0,67,74
flows,1,1,0,0,154,150
to,10,1,0,0,7,12
this,7,1,0,0,3,31
region,2,1,0,0,15,7
.,9,1,0,0,5,5
",9,1,0,0,21,28
