",9,1,0,0,21,28
In,5,1,1,0,6,9
these,7,1,0,0,3,48
weekly,3,1,0,0,27,36
lunches,2,1,0,0,1,14
we,6,1,0,0,27,110
are,1,1,0,0,53,22
going,1,1,0,0,71,11
to,10,1,0,0,7,12
get,1,1,0,0,99,57
to,10,1,0,0,7,12
know,1,1,0,0,1,91
the,7,1,0,0,3,3
problems,2,1,0,0,24,122
of,5,1,0,0,8,13
the,7,1,0,0,3,3
Indian,2,1,1,0,6,15
;,9,1,0,0,4,4
mixed-race,8,1,0,0,33,33
;,9,1,0,0,4,4
black,3,1,0,0,155,82
and,10,1,0,0,9,10
peasant,2,1,0,0,52,25
sectors,2,1,0,0,22,34
;,9,1,0,0,4,4
",9,1,0,0,21,28
he,6,1,0,0,30,3
said,1,1,0,0,12,27
.,9,1,0,0,5,5
