",9,1,0,0,21,28
It,6,1,1,0,47,46
was,1,1,0,0,26,21
about,5,1,0,0,121,43
time,2,1,0,0,107,47
for,5,1,0,0,18,30
the,7,1,0,0,3,3
Indians,2,1,1,0,6,40
;,9,1,0,0,4,4
the,7,1,0,0,3,3
blacks,2,1,0,0,155,98
and,10,1,0,0,9,10
the,7,1,0,0,3,3
mixed-bloods,3,1,0,0,33,70
to,10,1,0,0,7,12
begin,1,1,0,0,17,9
eating,1,1,0,0,119,11
in,5,1,0,0,6,9
the,7,1,0,0,3,3
palace,2,1,0,0,41,33
with,5,1,0,0,25,32
their,6,1,0,0,3,84
president,2,1,0,0,24,25
because,5,1,0,0,17,48
this,7,1,0,0,3,31
is,1,1,0,0,56,31
not,4,1,0,0,40,64
a,7,1,0,0,10,16
palace,2,1,0,0,41,33
exclusively,4,1,0,0,89,36
for,5,1,0,0,18,30
the,7,1,0,0,3,3
potentates,2,1,0,0,43,14
and,10,1,0,0,9,10
ambassadors,2,1,0,0,138,34
and,10,1,0,0,9,10
protocol,2,1,0,0,24,149
;,9,1,0,0,4,4
",9,1,0,0,21,28
Bucaram,2,1,1,0,58,89
said,1,1,0,0,12,27
late,3,1,0,0,57,50
on,5,1,0,0,16,7
Thursday,2,1,1,0,3,24
.,9,1,0,0,5,5
