",9,1,0,0,21,28
It,6,1,1,0,47,46
is,1,1,0,0,56,31
hoped,1,1,0,0,65,6
that,5,1,0,0,3,20
livestock,2,1,0,0,86,82
breeders,2,1,0,0,68,34
and,10,1,0,0,9,10
feedmillers,2,1,0,0,109,34
will,10,1,0,0,25,38
abide,1,1,0,0,121,74
by,5,1,0,0,75,61
the,7,1,0,0,3,3
laws,2,1,0,0,57,150
and,10,1,0,0,9,10
respect,1,1,0,0,15,100
the,7,1,0,0,3,3
cabinet,2,1,0,0,38,57
decision,2,1,0,0,28,7
in,5,1,0,0,6,9
the,7,1,0,0,3,3
interest,2,1,0,0,6,19
of,5,1,0,0,8,13
consumer,2,1,0,0,11,8
safety,2,1,0,0,12,59
;,9,1,0,0,4,4
",9,1,0,0,21,28
Health,2,1,1,0,30,32
Minister,2,1,1,0,33,8
Chua,2,1,1,0,42,1
Jui,2,1,1,0,105,1
Meng,2,1,1,0,64,11
was,1,1,0,0,26,21
quoted,1,1,0,0,126,6
as,5,1,0,0,66,21
saying,1,1,0,0,12,11
by,5,1,0,0,75,61
the,7,1,0,0,3,3
national,3,1,0,0,102,23
Bernama,2,1,1,0,17,1
news,2,1,0,0,36,150
agency,2,1,0,0,91,135
.,9,1,0,0,5,5
