-,9,1,0,0,44,42
The,7,1,1,0,3,3
prime,3,1,0,0,24,47
minister,2,1,0,0,33,8
's,10,1,0,0,32,35
special,3,1,0,0,85,23
economic,3,1,0,0,1,71
assistant,2,1,0,0,66,25
Shahid,2,1,1,0,63,27
Hasan,2,1,1,0,19,15
Khan,2,1,1,0,1,15
said,1,1,0,0,12,27
privatisation,2,1,0,0,24,7
of,5,1,0,0,8,13
thermal,3,1,0,0,3,23
power,2,1,0,0,43,8
plants,2,1,0,0,76,29
;,9,1,0,0,4,4
power,2,1,0,0,43,8
generation,2,1,0,0,99,7
from,5,1,0,0,29,54
private,3,1,0,0,24,50
plants,2,1,0,0,76,29
and,10,1,0,0,9,10
management,2,1,0,0,20,25
contracts,2,1,0,0,11,29
of,5,1,0,0,8,13
Area,2,1,1,0,53,172
Electricity,2,1,1,0,149,59
Boards,2,1,1,0,61,70
would,10,1,0,0,49,37
help,1,1,0,0,30,1
achieve,1,1,0,0,112,41
6.5,8,1,0,0,1,1
percent,2,1,0,0,52,25
GDP,2,1,1,1,1,1
growth,2,1,0,0,81,32
.,9,1,0,0,5,5
