Last,3,1,1,0,57,19
month,2,1,0,0,37,32
Five,8,1,1,0,39,41
Nations,2,1,1,0,102,40
',10,1,0,0,189,180
committee,2,1,0,0,11,88
chairman,2,1,0,0,42,15
Tom,2,1,1,0,7,54
Kiernan,2,1,1,0,141,15
said,1,1,0,0,12,27
England,2,1,1,0,92,10
would,10,1,0,0,49,37
be,1,1,0,0,17,78
thrown,1,1,0,0,3,96
out,5,1,0,0,100,43
of,5,1,0,0,8,13
the,7,1,0,0,3,3
competition,2,1,0,0,11,7
",9,1,0,0,21,28
unless,5,1,0,0,70,75
circumstances,2,1,0,0,146,14
change,2,1,0,0,42,77
in,5,1,0,0,6,9
the,7,1,0,0,3,3
near,3,1,0,0,36,55
future,3,1,0,0,152,22
",9,1,0,0,21,28
.,9,1,0,0,5,5
