The,7,1,1,0,3,3
statement,2,1,0,0,23,25
said,1,1,0,0,12,27
the,7,1,0,0,3,3
U.S.,2,1,1,0,111,87
government,2,1,0,0,71,25
",9,1,0,0,21,28
would,10,1,0,0,49,37
do,1,1,0,0,83,136
all,7,1,0,0,55,38
within,5,1,0,0,25,9
its,6,1,0,0,47,29
prevailing,1,1,0,0,24,11
legal,3,1,0,0,48,23
framework,2,1,0,0,29,97
to,10,1,0,0,7,12
prevent,1,1,0,0,24,25
the,7,1,0,0,3,3
use,2,1,0,0,185,48
of,5,1,0,0,8,13
American,3,1,1,0,138,15
soil,2,1,0,0,50,95
to,10,1,0,0,7,12
perpetrate,1,1,0,0,52,50
violence,2,1,0,0,103,33
against,5,1,0,0,91,19
the,7,1,0,0,3,3
democratic,3,1,0,0,28,71
government,2,1,0,0,71,25
of,5,1,0,0,8,13
Sri,2,1,1,0,1,1
Lanka,2,1,1,0,57,191
",9,1,0,0,21,28
.,9,1,0,0,5,5
