Interior,2,1,1,0,6,30
Minister,2,1,1,0,33,8
Jean-Louis,2,1,1,0,176,31
Debre,2,1,1,0,28,22
;,9,1,0,0,4,4
under,5,1,0,0,70,8
fire,2,1,0,0,39,22
for,5,1,0,0,18,30
staging,1,1,0,0,23,11
secret,3,1,0,0,22,57
talks,2,1,0,0,78,98
with,5,1,0,0,25,32
one,8,1,0,0,16,51
of,5,1,0,0,8,13
the,7,1,0,0,3,3
largest,3,1,0,0,57,19
of,5,1,0,0,8,13
several,3,1,0,0,22,23
rival,3,1,0,0,108,23
underground,2,1,0,0,70,10
nationalist,2,1,0,0,102,19
groups,2,1,0,0,81,130
;,9,1,0,0,4,4
told,1,1,0,0,7,37
the,7,1,0,0,3,3
daily,3,1,0,0,87,36
La,2,1,1,0,57,137
Corse,2,1,1,0,11,48
in,5,1,0,0,6,9
a,7,1,0,0,10,16
statement,2,1,0,0,23,25
he,6,1,0,0,30,3
had,1,1,0,0,19,52
given,1,1,0,0,159,26
",9,1,0,0,21,28
firm,2,1,0,0,39,159
orders,2,1,0,0,116,34
",9,1,0,0,21,28
to,10,1,0,0,7,12
police,1,1,0,0,43,33
to,10,1,0,0,7,12
round,1,1,0,0,80,10
up,10,1,0,0,131,68
those,7,1,0,0,3,48
responsible,3,1,0,0,15,39
for,5,1,0,0,18,30
the,7,1,0,0,3,3
bombings,2,1,0,0,61,104
and,10,1,0,0,9,10
bring,1,1,0,0,68,11
them,6,1,0,0,3,115
to,10,1,0,0,7,12
justice,2,1,0,0,105,33
.,9,1,0,0,5,5
