",9,1,0,0,21,28
He,6,1,1,0,30,3
played,1,1,0,0,76,6
a,7,1,0,0,10,16
good,3,1,0,0,71,157
match,2,1,0,0,20,44
;,9,1,0,0,4,4
took,1,1,0,0,7,188
a,7,1,0,0,10,16
few,3,1,0,0,109,73
chances,2,1,0,0,42,14
;,9,1,0,0,4,4
and,10,1,0,0,9,10
every,7,1,0,0,179,53
time,2,1,0,0,107,47
he,6,1,0,0,30,3
was,1,1,0,0,26,21
down,4,1,0,0,83,96
he,6,1,0,0,30,3
was,1,1,0,0,26,21
able,3,1,0,0,121,39
to,10,1,0,0,7,12
come,1,1,0,0,11,47
up,10,1,0,0,131,68
with,5,1,0,0,25,32
a,7,1,0,0,10,16
big,3,1,0,0,127,1
first,3,1,0,0,39,19
serve,2,1,0,0,22,41
.,9,1,0,0,5,5
",9,1,0,0,21,28
