",9,1,0,0,21,28
The,7,1,1,0,3,3
defence,3,1,0,0,28,33
ministers,2,1,0,0,33,34
will,10,1,0,0,25,38
begin,1,1,0,0,17,9
negotiations,2,1,0,0,36,40
for,5,1,0,0,18,30
this,7,1,0,0,3,31
at,5,1,0,0,34,20
the,7,1,0,0,3,3
beginning,2,1,0,0,17,11
of,5,1,0,0,8,13
September,2,1,1,0,22,8
at,5,1,0,0,34,20
a,7,1,0,0,10,16
NATO,2,1,1,1,102,12
meeting,2,1,0,0,64,11
;,9,1,0,0,4,4
",9,1,0,0,21,28
he,6,1,0,0,30,3
told,1,1,0,0,7,37
the,7,1,0,0,3,3
newspaper,2,1,0,0,36,8
in,5,1,0,0,6,9
an,7,1,0,0,9,15
interview,2,1,0,0,6,73
;,9,1,0,0,4,4
excerpts,2,1,0,0,89,29
of,5,1,0,0,8,13
which,7,1,0,0,35,44
were,1,1,0,0,27,22
released,1,1,0,0,15,6
ahead,4,1,0,0,1,52
of,5,1,0,0,8,13
publication,2,1,0,0,143,7
on,5,1,0,0,16,7
Sunday,2,1,1,0,60,24
.,9,1,0,0,5,5
