",9,1,0,0,21,28
The,7,1,1,0,3,3
United,2,1,1,0,70,6
States,2,1,1,0,23,14
will,10,1,0,0,25,38
continue,1,1,0,0,11,86
to,10,1,0,0,7,12
return,1,1,0,0,15,102
Cuban,3,1,1,0,113,15
migrants,2,1,0,0,33,29
intercepted,1,1,0,0,6,6
at,5,1,0,0,34,20
sea,2,1,0,0,22,172
who,6,1,0,0,35,90
seek,1,1,0,0,22,120
to,10,1,0,0,7,12
enter,1,1,0,0,92,8
the,7,1,0,0,3,3
United,2,1,1,0,70,6
States,2,1,1,0,23,14
or,10,1,0,0,116,30
the,7,1,0,0,3,3
Guantanamo,2,1,1,0,148,1
Naval,2,1,1,0,102,23
Base,2,1,1,0,46,48
illegally,4,1,0,0,1,36
;,9,1,0,0,4,4
",9,1,0,0,21,28
it,6,1,0,0,47,46
said,1,1,0,0,12,27
.,9,1,0,0,5,5
